eps_p    eps_q    p        q        eps_1    eps_2    sigma_1  sigma_2  epor     stateVar2
0.00000  0.00000  400.0    0.0      0.00000  0.00000  400.0    0.0      0.48200  400.00000
0.00000  0.00100  400.0    374.9    0.00100  -0.00050 649.9    275.0    0.48200  400.00000
0.00000  0.00200  308.4    488.0    0.00200  -0.00100 633.7    145.7    0.48200  410.64972
0.00000  0.00300  271.2    508.1    0.00300  -0.00150 609.9    101.8    0.48200  416.41821
0.00000  0.00400  251.1    515.2    0.00400  -0.00200 594.6    79.3     0.48200  420.00145
0.00000  0.00500  238.9    518.4    0.00500  -0.00250 584.6    66.1     0.48200  422.36253
0.00000  0.00600  231.1    520.1    0.00600  -0.00300 577.9    57.8     0.48200  423.96746
0.00000  0.00700  225.9    521.0    0.00700  -0.00350 573.3    52.3     0.48200  425.07886
0.00000  0.00800  222.4    521.5    0.00800  -0.00400 570.1    48.5     0.48200  425.85767
0.00000  0.00900  219.9    521.9    0.00900  -0.00450 567.8    45.9     0.48200  426.40773
0.00000  0.01000  218.2    522.1    0.01000  -0.00500 566.2    44.1     0.48200  426.79833
0.00000  0.01100  216.9    522.2    0.01100  -0.00550 565.1    42.9     0.48200  427.07671
0.00000  0.01200  216.1    522.3    0.01200  -0.00600 564.3    42.0     0.48200  427.27564
0.00000  0.01300  215.5    522.4    0.01300  -0.00650 563.7    41.3     0.48200  427.41805
0.00000  0.01400  215.0    522.4    0.01400  -0.00700 563.3    40.9     0.48200  427.52013
0.00000  0.01500  214.7    522.5    0.01500  -0.00750 563.0    40.5     0.48200  427.59338
0.00000  0.01600  214.5    522.5    0.01600  -0.00800 562.8    40.3     0.48200  427.64596
0.00000  0.01700  214.3    522.5    0.01700  -0.00850 562.6    40.1     0.48200  427.68374
0.00000  0.01800  214.2    522.5    0.01800  -0.00900 562.5    40.0     0.48200  427.71088
0.00000  0.01900  214.1    522.5    0.01900  -0.00950 562.5    39.9     0.48200  427.73039
0.00000  0.02000  214.0    522.5    0.02000  -0.01000 562.4    39.9     0.48200  427.74441
0.00000  0.02100  214.0    522.5    0.02100  -0.01050 562.4    39.8     0.48200  427.75449
0.00000  0.02200  214.0    522.5    0.02200  -0.01100 562.3    39.8     0.48200  427.76174
0.00000  0.02300  213.9    522.5    0.02300  -0.01150 562.3    39.8     0.48200  427.76695
0.00000  0.02400  213.9    522.5    0.02400  -0.01200 562.3    39.8     0.48200  427.77070
0.00000  0.02500  213.9    522.5    0.02500  -0.01250 562.3    39.7     0.48200  427.77339
0.00000  0.02600  213.9    522.5    0.02600  -0.01300 562.3    39.7     0.48200  427.77533
0.00000  0.02700  213.9    522.5    0.02700  -0.01350 562.3    39.7     0.48200  427.77673
0.00000  0.02800  213.9    522.5    0.02800  -0.01400 562.3    39.7     0.48200  427.77773
0.00000  0.02900  213.9    522.5    0.02900  -0.01450 562.3    39.7     0.48200  427.77845
0.00000  0.03000  213.9    522.5    0.03000  -0.01500 562.3    39.7     0.48200  427.77897
0.00000  0.03100  213.9    522.5    0.03100  -0.01550 562.3    39.7     0.48200  427.77934
0.00000  0.03200  213.9    522.5    0.03200  -0.01600 562.3    39.7     0.48200  427.77961
0.00000  0.03300  213.9    522.5    0.03300  -0.01650 562.3    39.7     0.48200  427.77980
0.00000  0.03400  213.9    522.5    0.03400  -0.01700 562.3    39.7     0.48200  427.77994
0.00000  0.03500  213.9    522.5    0.03500  -0.01750 562.3    39.7     0.48200  427.78004
0.00000  0.03600  213.9    522.5    0.03600  -0.01800 562.3    39.7     0.48200  427.78011
0.00000  0.03700  213.9    522.5    0.03700  -0.01850 562.3    39.7     0.48200  427.78016
0.00000  0.03800  213.9    522.5    0.03800  -0.01900 562.3    39.7     0.48200  427.78020
0.00000  0.03900  213.9    522.5    0.03900  -0.01950 562.3    39.7     0.48200  427.78023
0.00000  0.04000  213.9    522.5    0.04000  -0.02000 562.3    39.7     0.48200  427.78025
0.00000  0.04100  213.9    522.5    0.04100  -0.02050 562.3    39.7     0.48200  427.78026
0.00000  0.04200  213.9    522.5    0.04200  -0.02100 562.3    39.7     0.48200  427.78027
0.00000  0.04300  213.9    522.5    0.04300  -0.02150 562.3    39.7     0.48200  427.78028
0.00000  0.04400  213.9    522.5    0.04400  -0.02200 562.3    39.7     0.48200  427.78028
0.00000  0.04500  213.9    522.5    0.04500  -0.02250 562.3    39.7     0.48200  427.78029
0.00000  0.04600  213.9    522.5    0.04600  -0.02300 562.3    39.7     0.48200  427.78029
0.00000  0.04700  213.9    522.5    0.04700  -0.02350 562.3    39.7     0.48200  427.78029
0.00000  0.04800  213.9    522.5    0.04800  -0.02400 562.3    39.7     0.48200  427.78029
0.00000  0.04900  213.9    522.5    0.04900  -0.02450 562.3    39.7     0.48200  427.78029
0.00000  0.05000  213.9    522.5    0.05000  -0.02500 562.3    39.7     0.48200  427.78029
0.00000  0.05100  213.9    522.5    0.05100  -0.02550 562.3    39.7     0.48200  427.78029
0.00000  0.05200  213.9    522.5    0.05200  -0.02600 562.3    39.7     0.48200  427.78029
0.00000  0.05300  213.9    522.5    0.05300  -0.02650 562.3    39.7     0.48200  427.78029
0.00000  0.05400  213.9    522.5    0.05400  -0.02700 562.3    39.7     0.48200  427.78029
0.00000  0.05500  213.9    522.5    0.05500  -0.02750 562.3    39.7     0.48200  427.78029
0.00000  0.05600  213.9    522.5    0.05600  -0.02800 562.3    39.7     0.48200  427.78029
0.00000  0.05700  213.9    522.5    0.05700  -0.02850 562.3    39.7     0.48200  427.78029
0.00000  0.05800  213.9    522.5    0.05800  -0.02900 562.3    39.7     0.48200  427.78030
0.00000  0.05900  213.9    522.5    0.05900  -0.02950 562.3    39.7     0.48200  427.78030
0.00000  0.06000  213.9    522.5    0.06000  -0.03000 562.3    39.7     0.48200  427.78030
0.00000  0.06100  213.9    522.5    0.06100  -0.03050 562.3    39.7     0.48200  427.78030
0.00000  0.06200  213.9    522.5    0.06200  -0.03100 562.3    39.7     0.48200  427.78030
0.00000  0.06300  213.9    522.5    0.06300  -0.03150 562.3    39.7     0.48200  427.78030
0.00000  0.06400  213.9    522.5    0.06400  -0.03200 562.3    39.7     0.48200  427.78030
0.00000  0.06500  213.9    522.5    0.06500  -0.03250 562.3    39.7     0.48200  427.78030
0.00000  0.06600  213.9    522.5    0.06600  -0.03300 562.3    39.7     0.48200  427.78030
0.00000  0.06700  213.9    522.5    0.06700  -0.03350 562.3    39.7     0.48200  427.78030
0.00000  0.06800  213.9    522.5    0.06800  -0.03400 562.3    39.7     0.48200  427.78030
0.00000  0.06900  213.9    522.5    0.06900  -0.03450 562.3    39.7     0.48200  427.78030
0.00000  0.07000  213.9    522.5    0.07000  -0.03500 562.3    39.7     0.48200  427.78030
0.00000  0.07100  213.9    522.5    0.07100  -0.03550 562.3    39.7     0.48200  427.78030
0.00000  0.07200  213.9    522.5    0.07200  -0.03600 562.3    39.7     0.48200  427.78030
0.00000  0.07300  213.9    522.5    0.07300  -0.03650 562.3    39.7     0.48200  427.78030
0.00000  0.07400  213.9    522.5    0.07400  -0.03700 562.3    39.7     0.48200  427.78030
0.00000  0.07500  213.9    522.5    0.07500  -0.03750 562.3    39.7     0.48200  427.78030
0.00000  0.07600  213.9    522.5    0.07600  -0.03800 562.3    39.7     0.48200  427.78030
0.00000  0.07700  213.9    522.5    0.07700  -0.03850 562.3    39.7     0.48200  427.78030
0.00000  0.07800  213.9    522.5    0.07800  -0.03900 562.3    39.7     0.48200  427.78030
0.00000  0.07900  213.9    522.5    0.07900  -0.03950 562.3    39.7     0.48200  427.78030
0.00000  0.08000  213.9    522.5    0.08000  -0.04000 562.3    39.7     0.48200  427.78030
0.00000  0.08100  213.9    522.5    0.08100  -0.04050 562.3    39.7     0.48200  427.78030
0.00000  0.08200  213.9    522.5    0.08200  -0.04100 562.3    39.7     0.48200  427.78030
0.00000  0.08300  213.9    522.5    0.08300  -0.04150 562.3    39.7     0.48200  427.78030
0.00000  0.08400  213.9    522.5    0.08400  -0.04200 562.3    39.7     0.48200  427.78030
0.00000  0.08500  213.9    522.5    0.08500  -0.04250 562.3    39.7     0.48200  427.78030
0.00000  0.08600  213.9    522.5    0.08600  -0.04300 562.3    39.7     0.48200  427.78030
0.00000  0.08700  213.9    522.5    0.08700  -0.04350 562.3    39.7     0.48200  427.78030
0.00000  0.08800  213.9    522.5    0.08800  -0.04400 562.3    39.7     0.48200  427.78030
0.00000  0.08900  213.9    522.5    0.08900  -0.04450 562.3    39.7     0.48200  427.78030
0.00000  0.09000  213.9    522.5    0.09000  -0.04500 562.3    39.7     0.48200  427.78030
0.00000  0.09100  213.9    522.5    0.09100  -0.04550 562.3    39.7     0.48200  427.78030
0.00000  0.09200  213.9    522.5    0.09200  -0.04600 562.3    39.7     0.48200  427.78030
0.00000  0.09300  213.9    522.5    0.09300  -0.04650 562.3    39.7     0.48200  427.78030
0.00000  0.09400  213.9    522.5    0.09400  -0.04700 562.3    39.7     0.48200  427.78030
0.00000  0.09500  213.9    522.5    0.09500  -0.04750 562.3    39.7     0.48200  427.78030
0.00000  0.09600  213.9    522.5    0.09600  -0.04800 562.3    39.7     0.48200  427.78030
0.00000  0.09700  213.9    522.5    0.09700  -0.04850 562.3    39.7     0.48200  427.78030
0.00000  0.09800  213.9    522.5    0.09800  -0.04900 562.3    39.7     0.48200  427.78030
0.00000  0.09900  213.9    522.5    0.09900  -0.04950 562.3    39.7     0.48200  427.78030
0.00000  0.10000  213.9    522.5    0.10000  -0.05000 562.3    39.7     0.48200  427.78030
0.00000  0.10100  213.9    522.5    0.10100  -0.05050 562.3    39.7     0.48200  427.78030
0.00000  0.10200  213.9    522.5    0.10200  -0.05100 562.3    39.7     0.48200  427.78030
0.00000  0.10300  213.9    522.5    0.10300  -0.05150 562.3    39.7     0.48200  427.78030
0.00000  0.10400  213.9    522.5    0.10400  -0.05200 562.3    39.7     0.48200  427.78030
0.00000  0.10500  213.9    522.5    0.10500  -0.05250 562.3    39.7     0.48200  427.78030
0.00000  0.10600  213.9    522.5    0.10600  -0.05300 562.3    39.7     0.48200  427.78030
0.00000  0.10700  213.9    522.5    0.10700  -0.05350 562.3    39.7     0.48200  427.78030
0.00000  0.10800  213.9    522.5    0.10800  -0.05400 562.3    39.7     0.48200  427.78030
0.00000  0.10900  213.9    522.5    0.10900  -0.05450 562.3    39.7     0.48200  427.78030
0.00000  0.11000  213.9    522.5    0.11000  -0.05500 562.3    39.7     0.48200  427.78030
0.00000  0.11100  213.9    522.5    0.11100  -0.05550 562.3    39.7     0.48200  427.78030
0.00000  0.11200  213.9    522.5    0.11200  -0.05600 562.3    39.7     0.48200  427.78030
0.00000  0.11300  213.9    522.5    0.11300  -0.05650 562.3    39.7     0.48200  427.78030
0.00000  0.11400  213.9    522.5    0.11400  -0.05700 562.3    39.7     0.48200  427.78030
0.00000  0.11500  213.9    522.5    0.11500  -0.05750 562.3    39.7     0.48200  427.78030
0.00000  0.11600  213.9    522.5    0.11600  -0.05800 562.3    39.7     0.48200  427.78030
0.00000  0.11700  213.9    522.5    0.11700  -0.05850 562.3    39.7     0.48200  427.78030
0.00000  0.11800  213.9    522.5    0.11800  -0.05900 562.3    39.7     0.48200  427.78030
0.00000  0.11900  213.9    522.5    0.11900  -0.05950 562.3    39.7     0.48200  427.78030
0.00000  0.12000  213.9    522.5    0.12000  -0.06000 562.3    39.7     0.48200  427.78030
0.00000  0.12100  213.9    522.5    0.12100  -0.06050 562.3    39.7     0.48200  427.78030
0.00000  0.12200  213.9    522.5    0.12200  -0.06100 562.3    39.7     0.48200  427.78030
0.00000  0.12300  213.9    522.5    0.12300  -0.06150 562.3    39.7     0.48200  427.78030
0.00000  0.12400  213.9    522.5    0.12400  -0.06200 562.3    39.7     0.48200  427.78030
0.00000  0.12500  213.9    522.5    0.12500  -0.06250 562.3    39.7     0.48200  427.78030
0.00000  0.12600  213.9    522.5    0.12600  -0.06300 562.3    39.7     0.48200  427.78030
0.00000  0.12700  213.9    522.5    0.12700  -0.06350 562.3    39.7     0.48200  427.78030
0.00000  0.12800  213.9    522.5    0.12800  -0.06400 562.3    39.7     0.48200  427.78030
0.00000  0.12900  213.9    522.5    0.12900  -0.06450 562.3    39.7     0.48200  427.78030
0.00000  0.13000  213.9    522.5    0.13000  -0.06500 562.3    39.7     0.48200  427.78030
0.00000  0.13100  213.9    522.5    0.13100  -0.06550 562.3    39.7     0.48200  427.78030
0.00000  0.13200  213.9    522.5    0.13200  -0.06600 562.3    39.7     0.48200  427.78030
0.00000  0.13300  213.9    522.5    0.13300  -0.06650 562.3    39.7     0.48200  427.78030
0.00000  0.13400  213.9    522.5    0.13400  -0.06700 562.3    39.7     0.48200  427.78030
0.00000  0.13500  213.9    522.5    0.13500  -0.06750 562.3    39.7     0.48200  427.78030
0.00000  0.13600  213.9    522.5    0.13600  -0.06800 562.3    39.7     0.48200  427.78030
0.00000  0.13700  213.9    522.5    0.13700  -0.06850 562.3    39.7     0.48200  427.78030
0.00000  0.13800  213.9    522.5    0.13800  -0.06900 562.3    39.7     0.48200  427.78030
0.00000  0.13900  213.9    522.5    0.13900  -0.06950 562.3    39.7     0.48200  427.78030
0.00000  0.14000  213.9    522.5    0.14000  -0.07000 562.3    39.7     0.48200  427.78030
0.00000  0.14100  213.9    522.5    0.14100  -0.07050 562.3    39.7     0.48200  427.78030
0.00000  0.14200  213.9    522.5    0.14200  -0.07100 562.3    39.7     0.48200  427.78030
0.00000  0.14300  213.9    522.5    0.14300  -0.07150 562.3    39.7     0.48200  427.78030
0.00000  0.14400  213.9    522.5    0.14400  -0.07200 562.3    39.7     0.48200  427.78030
0.00000  0.14500  213.9    522.5    0.14500  -0.07250 562.3    39.7     0.48200  427.78030
0.00000  0.14600  213.9    522.5    0.14600  -0.07300 562.3    39.7     0.48200  427.78030
0.00000  0.14700  213.9    522.5    0.14700  -0.07350 562.3    39.7     0.48200  427.78030
0.00000  0.14800  213.9    522.5    0.14800  -0.07400 562.3    39.7     0.48200  427.78030
0.00000  0.14900  213.9    522.5    0.14900  -0.07450 562.3    39.7     0.48200  427.78030
0.00000  0.15000  213.9    522.5    0.15000  -0.07500 562.3    39.7     0.48200  427.78030
0.00000  0.15100  213.9    522.5    0.15100  -0.07550 562.3    39.7     0.48200  427.78030
0.00000  0.15200  213.9    522.5    0.15200  -0.07600 562.3    39.7     0.48200  427.78030
0.00000  0.15300  213.9    522.5    0.15300  -0.07650 562.3    39.7     0.48200  427.78030
0.00000  0.15400  213.9    522.5    0.15400  -0.07700 562.3    39.7     0.48200  427.78030
0.00000  0.15500  213.9    522.5    0.15500  -0.07750 562.3    39.7     0.48200  427.78030
0.00000  0.15600  213.9    522.5    0.15600  -0.07800 562.3    39.7     0.48200  427.78030
0.00000  0.15700  213.9    522.5    0.15700  -0.07850 562.3    39.7     0.48200  427.78030
0.00000  0.15800  213.9    522.5    0.15800  -0.07900 562.3    39.7     0.48200  427.78030
0.00000  0.15900  213.9    522.5    0.15900  -0.07950 562.3    39.7     0.48200  427.78030
0.00000  0.16000  213.9    522.5    0.16000  -0.08000 562.3    39.7     0.48200  427.78030
0.00000  0.16100  213.9    522.5    0.16100  -0.08050 562.3    39.7     0.48200  427.78030
0.00000  0.16200  213.9    522.5    0.16200  -0.08100 562.3    39.7     0.48200  427.78030
0.00000  0.16300  213.9    522.5    0.16300  -0.08150 562.3    39.7     0.48200  427.78030
0.00000  0.16400  213.9    522.5    0.16400  -0.08200 562.3    39.7     0.48200  427.78030
0.00000  0.16500  213.9    522.5    0.16500  -0.08250 562.3    39.7     0.48200  427.78030
0.00000  0.16600  213.9    522.5    0.16600  -0.08300 562.3    39.7     0.48200  427.78030
0.00000  0.16700  213.9    522.5    0.16700  -0.08350 562.3    39.7     0.48200  427.78030
0.00000  0.16800  213.9    522.5    0.16800  -0.08400 562.3    39.7     0.48200  427.78030
0.00000  0.16900  213.9    522.5    0.16900  -0.08450 562.3    39.7     0.48200  427.78030
0.00000  0.17000  213.9    522.5    0.17000  -0.08500 562.3    39.7     0.48200  427.78030
0.00000  0.17100  213.9    522.5    0.17100  -0.08550 562.3    39.7     0.48200  427.78030
0.00000  0.17200  213.9    522.5    0.17200  -0.08600 562.3    39.7     0.48200  427.78030
0.00000  0.17300  213.9    522.5    0.17300  -0.08650 562.3    39.7     0.48200  427.78030
0.00000  0.17400  213.9    522.5    0.17400  -0.08700 562.3    39.7     0.48200  427.78030
0.00000  0.17500  213.9    522.5    0.17500  -0.08750 562.3    39.7     0.48200  427.78030
0.00000  0.17600  213.9    522.5    0.17600  -0.08800 562.3    39.7     0.48200  427.78030
0.00000  0.17700  213.9    522.5    0.17700  -0.08850 562.3    39.7     0.48200  427.78030
0.00000  0.17800  213.9    522.5    0.17800  -0.08900 562.3    39.7     0.48200  427.78030
0.00000  0.17900  213.9    522.5    0.17900  -0.08950 562.3    39.7     0.48200  427.78030
0.00000  0.18000  213.9    522.5    0.18000  -0.09000 562.3    39.7     0.48200  427.78030
0.00000  0.18100  213.9    522.5    0.18100  -0.09050 562.3    39.7     0.48200  427.78030
0.00000  0.18200  213.9    522.5    0.18200  -0.09100 562.3    39.7     0.48200  427.78030
0.00000  0.18300  213.9    522.5    0.18300  -0.09150 562.3    39.7     0.48200  427.78030
0.00000  0.18400  213.9    522.5    0.18400  -0.09200 562.3    39.7     0.48200  427.78030
0.00000  0.18500  213.9    522.5    0.18500  -0.09250 562.3    39.7     0.48200  427.78030
0.00000  0.18600  213.9    522.5    0.18600  -0.09300 562.3    39.7     0.48200  427.78030
0.00000  0.18700  213.9    522.5    0.18700  -0.09350 562.3    39.7     0.48200  427.78030
0.00000  0.18800  213.9    522.5    0.18800  -0.09400 562.3    39.7     0.48200  427.78030
0.00000  0.18900  213.9    522.5    0.18900  -0.09450 562.3    39.7     0.48200  427.78030
0.00000  0.19000  213.9    522.5    0.19000  -0.09500 562.3    39.7     0.48200  427.78030
0.00000  0.19100  213.9    522.5    0.19100  -0.09550 562.3    39.7     0.48200  427.78030
0.00000  0.19200  213.9    522.5    0.19200  -0.09600 562.3    39.7     0.48200  427.78030
0.00000  0.19300  213.9    522.5    0.19300  -0.09650 562.3    39.7     0.48200  427.78030
0.00000  0.19400  213.9    522.5    0.19400  -0.09700 562.3    39.7     0.48200  427.78030
0.00000  0.19500  213.9    522.5    0.19500  -0.09750 562.3    39.7     0.48200  427.78030
0.00000  0.19600  213.9    522.5    0.19600  -0.09800 562.3    39.7     0.48200  427.78030
0.00000  0.19700  213.9    522.5    0.19700  -0.09850 562.3    39.7     0.48200  427.78030
0.00000  0.19800  213.9    522.5    0.19800  -0.09900 562.3    39.7     0.48200  427.78030
0.00000  0.19900  213.9    522.5    0.19900  -0.09950 562.3    39.7     0.48200  427.78030
0.00000  0.20000  213.9    522.5    0.20000  -0.10000 562.3    39.7     0.48200  427.78030
