eps_p    eps_q    p        q        eps_1    eps_2    sigma_1  sigma_2  epor     stateVar2
0.00000  0.00000  300.0    0.0      0.00000  0.00000  300.0    0.0      0.75000  300.00000
0.01434  0.00100  410.7    332.0    0.00578  0.00428  632.0    300.0    0.72491  410.67568
0.01561  0.00200  414.9    344.6    0.00720  0.00420  644.6    300.0    0.72271  424.68983
0.01683  0.00300  418.9    356.8    0.00861  0.00411  656.8    300.0    0.72062  438.45912
0.01798  0.00400  422.9    368.7    0.00999  0.00399  668.7    300.0    0.71863  451.99460
0.01909  0.00500  426.8    380.3    0.01136  0.00386  680.3    300.0    0.71673  465.30548
0.02015  0.00600  430.5    391.5    0.01272  0.00372  691.5    300.0    0.71491  478.39959
0.02116  0.00700  434.2    402.5    0.01405  0.00355  702.5    300.0    0.71317  491.28361
0.02213  0.00800  437.7    413.2    0.01538  0.00338  713.2    300.0    0.71150  503.96332
0.02307  0.00900  441.2    423.7    0.01669  0.00319  723.7    300.0    0.70990  516.44382
0.02397  0.01000  444.6    433.9    0.01799  0.00299  733.9    300.0    0.70837  528.72959
0.02483  0.01100  448.0    443.9    0.01928  0.00278  743.9    300.0    0.70689  540.82464
0.02567  0.01200  451.2    453.7    0.02056  0.00256  753.7    300.0    0.70547  552.73262
0.02647  0.01300  454.4    463.2    0.02182  0.00232  763.2    300.0    0.70409  564.45684
0.02725  0.01400  457.5    472.5    0.02308  0.00208  772.5    300.0    0.70277  576.00034
0.02800  0.01500  460.6    481.7    0.02433  0.00183  781.7    300.0    0.70149  587.36598
0.02872  0.01600  463.5    490.6    0.02557  0.00157  790.6    300.0    0.70026  598.55642
0.02942  0.01700  466.5    499.4    0.02681  0.00131  799.4    300.0    0.69907  609.57416
0.03010  0.01800  469.3    508.0    0.02803  0.00103  808.0    300.0    0.69792  620.42159
0.03076  0.01900  472.1    516.4    0.02925  0.00075  816.4    300.0    0.69680  631.10101
0.03139  0.02000  474.9    524.6    0.03046  0.00046  824.6    300.0    0.69573  641.61461
0.03201  0.02100  477.6    532.7    0.03167  0.00017  832.7    300.0    0.69468  651.96452
0.03261  0.02200  480.2    540.6    0.03287  -0.00013 840.6    300.0    0.69367  662.15283
0.03319  0.02300  482.8    548.4    0.03406  -0.00044 848.4    300.0    0.69269  672.18154
0.03375  0.02400  485.3    556.0    0.03525  -0.00075 856.0    300.0    0.69174  682.05264
0.03429  0.02500  487.8    563.4    0.03643  -0.00107 863.4    300.0    0.69081  691.76807
0.03482  0.02600  490.2    570.7    0.03761  -0.00139 870.7    300.0    0.68992  701.32975
0.03534  0.02700  492.6    577.9    0.03878  -0.00172 877.9    300.0    0.68905  710.73956
0.03584  0.02800  495.0    584.9    0.03995  -0.00205 884.9    300.0    0.68820  719.99938
0.03632  0.02900  497.3    591.8    0.04111  -0.00239 891.8    300.0    0.68738  729.11106
0.03680  0.03000  499.5    598.6    0.04227  -0.00273 898.6    300.0    0.68659  738.07642
0.03726  0.03100  501.7    605.2    0.04342  -0.00308 905.2    300.0    0.68581  746.89728
0.03770  0.03200  503.9    611.7    0.04457  -0.00343 911.7    300.0    0.68506  755.57546
0.03814  0.03300  506.0    618.1    0.04571  -0.00379 918.1    300.0    0.68432  764.11274
0.03856  0.03400  508.1    624.4    0.04685  -0.00415 924.4    300.0    0.68361  772.51092
0.03897  0.03500  510.2    630.5    0.04799  -0.00451 930.5    300.0    0.68292  780.77176
0.03937  0.03600  512.2    636.5    0.04912  -0.00488 936.5    300.0    0.68224  788.89704
0.03977  0.03700  514.2    642.5    0.05026  -0.00524 942.5    300.0    0.68159  796.88850
0.04015  0.03800  516.1    648.3    0.05138  -0.00562 948.3    300.0    0.68094  804.74790
0.04052  0.03900  518.0    653.9    0.05251  -0.00599 953.9    300.0    0.68032  812.47698
0.04088  0.04000  519.8    659.5    0.05363  -0.00637 959.5    300.0    0.67971  820.07746
0.04123  0.04100  521.7    665.0    0.05474  -0.00676 965.0    300.0    0.67912  827.55107
0.04157  0.04200  523.5    670.4    0.05586  -0.00714 970.4    300.0    0.67855  834.89952
0.04191  0.04300  525.2    675.7    0.05697  -0.00753 975.7    300.0    0.67798  842.12452
0.04224  0.04400  526.9    680.8    0.05808  -0.00792 980.8    300.0    0.67744  849.22775
0.04255  0.04500  528.6    685.9    0.05918  -0.00832 985.9    300.0    0.67690  856.21090
0.04286  0.04600  530.3    690.9    0.06029  -0.00871 990.9    300.0    0.67638  863.07565
0.04317  0.04700  531.9    695.8    0.06139  -0.00911 995.8    300.0    0.67587  869.82366
0.04346  0.04800  533.5    700.6    0.06249  -0.00951 1000.6   300.0    0.67538  876.45658
0.04375  0.04900  535.1    705.3    0.06358  -0.00992 1005.3   300.0    0.67489  882.97605
0.04403  0.05000  536.6    709.9    0.06468  -0.01032 1009.9   300.0    0.67442  889.38371
0.04431  0.05100  538.1    714.4    0.06577  -0.01073 1014.4   300.0    0.67396  895.68117
0.04458  0.05200  539.6    718.9    0.06686  -0.01114 1018.9   300.0    0.67351  901.87003
0.04484  0.05300  541.1    723.2    0.06795  -0.01155 1023.2   300.0    0.67308  907.95191
0.04509  0.05400  542.5    727.5    0.06903  -0.01197 1027.5   300.0    0.67265  913.92836
0.04534  0.05500  543.9    731.7    0.07011  -0.01239 1031.7   300.0    0.67223  919.80097
0.04559  0.05600  545.3    735.8    0.07120  -0.01280 1035.8   300.0    0.67182  925.57128
0.04583  0.05700  546.6    739.9    0.07228  -0.01322 1039.9   300.0    0.67142  931.24085
0.04606  0.05800  547.9    743.8    0.07335  -0.01365 1043.8   300.0    0.67103  936.81119
0.04629  0.05900  549.2    747.7    0.07443  -0.01407 1047.7   300.0    0.67065  942.28382
0.04651  0.06000  550.5    751.5    0.07550  -0.01450 1051.5   300.0    0.67028  947.66023
0.04672  0.06100  551.8    755.3    0.07657  -0.01493 1055.3   300.0    0.66992  952.94193
0.04694  0.06200  553.0    759.0    0.07765  -0.01535 1059.0   300.0    0.66957  958.13036
0.04714  0.06300  554.2    762.6    0.07871  -0.01579 1062.6   300.0    0.66922  963.22699
0.04735  0.06400  555.4    766.1    0.07978  -0.01622 1066.1   300.0    0.66888  968.23326
0.04754  0.06500  556.5    769.6    0.08085  -0.01665 1069.6   300.0    0.66855  973.15060
0.04774  0.06600  557.7    773.0    0.08191  -0.01709 1073.0   300.0    0.66823  977.98040
0.04793  0.06700  558.8    776.3    0.08298  -0.01752 1076.3   300.0    0.66791  982.72407
0.04811  0.06800  559.9    779.6    0.08404  -0.01796 1079.6   300.0    0.66761  987.38298
0.04829  0.06900  560.9    782.8    0.08510  -0.01840 1082.8   300.0    0.66730  991.95849
0.04847  0.07000  562.0    786.0    0.08616  -0.01884 1086.0   300.0    0.66701  996.45196
0.04864  0.07100  563.0    789.1    0.08721  -0.01929 1089.1   300.0    0.66672  1000.86471
0.04881  0.07200  564.0    792.1    0.08827  -0.01973 1092.1   300.0    0.66644  1005.19805
0.04898  0.07300  565.0    795.1    0.08933  -0.02017 1095.1   300.0    0.66616  1009.45328
0.04914  0.07400  566.0    798.0    0.09038  -0.02062 1098.0   300.0    0.66589  1013.63169
0.04930  0.07500  567.0    800.9    0.09143  -0.02107 1100.9   300.0    0.66563  1017.73455
0.04945  0.07600  567.9    803.7    0.09248  -0.02152 1103.7   300.0    0.66537  1021.76309
0.04960  0.07700  568.8    806.5    0.09353  -0.02197 1106.5   300.0    0.66512  1025.71857
0.04975  0.07800  569.7    809.2    0.09458  -0.02242 1109.2   300.0    0.66488  1029.60219
0.04990  0.07900  570.6    811.9    0.09563  -0.02287 1111.9   300.0    0.66463  1033.41515
0.05004  0.08000  571.5    814.5    0.09668  -0.02332 1114.5   300.0    0.66440  1037.15865
0.05018  0.08100  572.3    817.0    0.09773  -0.02377 1117.0   300.0    0.66417  1040.83385
0.05031  0.08200  573.2    819.5    0.09877  -0.02423 1119.5   300.0    0.66394  1044.44191
0.05044  0.08300  574.0    822.0    0.09981  -0.02469 1122.0   300.0    0.66372  1047.98396
0.05057  0.08400  574.8    824.4    0.10086  -0.02514 1124.4   300.0    0.66350  1051.46114
0.05070  0.08500  575.6    826.8    0.10190  -0.02560 1126.8   300.0    0.66329  1054.87454
0.05083  0.08600  576.4    829.1    0.10294  -0.02606 1129.1   300.0    0.66309  1058.22525
0.05095  0.08700  577.1    831.4    0.10398  -0.02652 1131.4   300.0    0.66288  1061.51436
0.05107  0.08800  577.9    833.6    0.10502  -0.02698 1133.6   300.0    0.66269  1064.74292
0.05118  0.08900  578.6    835.8    0.10606  -0.02744 1135.8   300.0    0.66249  1067.91198
0.05130  0.09000  579.3    838.0    0.10710  -0.02790 1138.0   300.0    0.66230  1071.02257
0.05141  0.09100  580.0    840.1    0.10814  -0.02836 1140.1   300.0    0.66212  1074.07570
0.05152  0.09200  580.7    842.2    0.10917  -0.02883 1142.2   300.0    0.66194  1077.07237
0.05162  0.09300  581.4    844.2    0.11021  -0.02929 1144.2   300.0    0.66176  1080.01357
0.05173  0.09400  582.1    846.2    0.11124  -0.02976 1146.2   300.0    0.66158  1082.90026
0.05183  0.09500  582.7    848.1    0.11228  -0.03022 1148.1   300.0    0.66141  1085.73340
0.05193  0.09600  583.4    850.1    0.11331  -0.03069 1150.1   300.0    0.66125  1088.51394
0.05203  0.09700  584.0    851.9    0.11434  -0.03116 1151.9   300.0    0.66108  1091.24279
0.05213  0.09800  584.6    853.8    0.11538  -0.03162 1153.8   300.0    0.66092  1093.92087
0.05222  0.09900  585.2    855.6    0.11641  -0.03209 1155.6   300.0    0.66077  1096.54908
0.05231  0.10000  585.8    857.4    0.11744  -0.03256 1157.4   300.0    0.66061  1099.12830
0.05240  0.10100  586.4    859.1    0.11847  -0.03303 1159.1   300.0    0.66046  1101.65940
0.05249  0.10200  586.9    860.8    0.11950  -0.03350 1160.8   300.0    0.66032  1104.14323
0.05258  0.10300  587.5    862.5    0.12053  -0.03397 1162.5   300.0    0.66017  1106.58065
0.05266  0.10400  588.0    864.1    0.12155  -0.03445 1164.1   300.0    0.66003  1108.97247
0.05275  0.10500  588.6    865.8    0.12258  -0.03492 1165.8   300.0    0.65989  1111.31952
0.05283  0.10600  589.1    867.3    0.12361  -0.03539 1167.3   300.0    0.65976  1113.62259
0.05291  0.10700  589.6    868.9    0.12464  -0.03586 1168.9   300.0    0.65963  1115.88248
0.05299  0.10800  590.1    870.4    0.12566  -0.03634 1170.4   300.0    0.65950  1118.09996
0.05306  0.10900  590.6    871.9    0.12669  -0.03681 1171.9   300.0    0.65937  1120.27580
0.05314  0.11000  591.1    873.4    0.12771  -0.03729 1173.4   300.0    0.65925  1122.41075
0.05321  0.11100  591.6    874.8    0.12874  -0.03776 1174.8   300.0    0.65912  1124.50555
0.05328  0.11200  592.1    876.2    0.12976  -0.03824 1176.2   300.0    0.65901  1126.56092
0.05335  0.11300  592.5    877.6    0.13078  -0.03872 1177.6   300.0    0.65889  1128.57758
0.05342  0.11400  593.0    878.9    0.13181  -0.03919 1178.9   300.0    0.65877  1130.55624
0.05349  0.11500  593.4    880.3    0.13283  -0.03967 1180.3   300.0    0.65866  1132.49758
0.05356  0.11600  593.9    881.6    0.13385  -0.04015 1181.6   300.0    0.65855  1134.40228
0.05362  0.11700  594.3    882.9    0.13487  -0.04063 1182.9   300.0    0.65845  1136.27102
0.05368  0.11800  594.7    884.1    0.13589  -0.04111 1184.1   300.0    0.65834  1138.10445
0.05375  0.11900  595.1    885.3    0.13692  -0.04158 1185.3   300.0    0.65824  1139.90321
0.05381  0.12000  595.5    886.5    0.13794  -0.04206 1186.5   300.0    0.65814  1141.66794
0.05387  0.12100  595.9    887.7    0.13896  -0.04254 1187.7   300.0    0.65804  1143.39927
0.05392  0.12200  596.3    888.9    0.13997  -0.04303 1188.9   300.0    0.65794  1145.09781
0.05398  0.12300  596.7    890.0    0.14099  -0.04351 1190.0   300.0    0.65785  1146.76416
0.05404  0.12400  597.0    891.1    0.14201  -0.04399 1191.1   300.0    0.65775  1148.39891
0.05409  0.12500  597.4    892.2    0.14303  -0.04447 1192.2   300.0    0.65766  1150.00265
0.05415  0.12600  597.8    893.3    0.14405  -0.04495 1193.3   300.0    0.65757  1151.57595
0.05420  0.12700  598.1    894.4    0.14507  -0.04543 1194.4   300.0    0.65749  1153.11937
0.05425  0.12800  598.5    895.4    0.14608  -0.04592 1195.4   300.0    0.65740  1154.63346
0.05430  0.12900  598.8    896.4    0.14710  -0.04640 1196.4   300.0    0.65732  1156.11876
0.05435  0.13000  599.1    897.4    0.14812  -0.04688 1197.4   300.0    0.65723  1157.57582
0.05440  0.13100  599.5    898.4    0.14913  -0.04737 1198.4   300.0    0.65715  1159.00515
0.05445  0.13200  599.8    899.3    0.15015  -0.04785 1199.3   300.0    0.65707  1160.40727
0.05449  0.13300  600.1    900.3    0.15116  -0.04834 1200.3   300.0    0.65700  1161.78269
0.05454  0.13400  600.4    901.2    0.15218  -0.04882 1201.2   300.0    0.65692  1163.13189
0.05458  0.13500  600.7    902.1    0.15319  -0.04931 1202.1   300.0    0.65685  1164.45538
0.05463  0.13600  601.0    903.0    0.15421  -0.04979 1203.0   300.0    0.65677  1165.75362
0.05467  0.13700  601.3    903.8    0.15522  -0.05028 1203.8   300.0    0.65670  1167.02710
0.05471  0.13800  601.6    904.7    0.15624  -0.05076 1204.7   300.0    0.65663  1168.27626
0.05475  0.13900  601.8    905.5    0.15725  -0.05125 1205.5   300.0    0.65656  1169.50158
0.05479  0.14000  602.1    906.3    0.15826  -0.05174 1206.3   300.0    0.65650  1170.70348
0.05483  0.14100  602.4    907.1    0.15928  -0.05222 1207.1   300.0    0.65643  1171.88242
0.05487  0.14200  602.6    907.9    0.16029  -0.05271 1207.9   300.0    0.65637  1173.03882
0.05491  0.14300  602.9    908.7    0.16130  -0.05320 1208.7   300.0    0.65630  1174.17310
0.05495  0.14400  603.2    909.5    0.16232  -0.05368 1209.5   300.0    0.65624  1175.28569
0.05499  0.14500  603.4    910.2    0.16333  -0.05417 1210.2   300.0    0.65618  1176.37698
0.05502  0.14600  603.6    910.9    0.16434  -0.05466 1210.9   300.0    0.65612  1177.44737
0.05506  0.14700  603.9    911.6    0.16535  -0.05515 1211.6   300.0    0.65606  1178.49727
0.05509  0.14800  604.1    912.3    0.16636  -0.05564 1212.3   300.0    0.65601  1179.52705
0.05512  0.14900  604.3    913.0    0.16737  -0.05613 1213.0   300.0    0.65595  1180.53710
0.05516  0.15000  604.6    913.7    0.16839  -0.05661 1213.7   300.0    0.65590  1181.52779
0.05519  0.15100  604.8    914.4    0.16940  -0.05710 1214.4   300.0    0.65584  1182.49947
0.05522  0.15200  605.0    915.0    0.17041  -0.05759 1215.0   300.0    0.65579  1183.45252
0.05525  0.15300  605.2    915.6    0.17142  -0.05808 1215.6   300.0    0.65574  1184.38728
0.05528  0.15400  605.4    916.3    0.17243  -0.05857 1216.3   300.0    0.65569  1185.30410
0.05531  0.15500  605.6    916.9    0.17344  -0.05906 1216.9   300.0    0.65564  1186.20331
0.05534  0.15600  605.8    917.5    0.17445  -0.05955 1217.5   300.0    0.65559  1187.08526
0.05537  0.15700  606.0    918.1    0.17546  -0.06004 1218.1   300.0    0.65554  1187.95026
0.05540  0.15800  606.2    918.6    0.17647  -0.06053 1218.6   300.0    0.65550  1188.79864
0.05543  0.15900  606.4    919.2    0.17748  -0.06102 1219.2   300.0    0.65545  1189.63072
0.05545  0.16000  606.6    919.7    0.17848  -0.06152 1219.7   300.0    0.65541  1190.44680
0.05548  0.16100  606.8    920.3    0.17949  -0.06201 1220.3   300.0    0.65536  1191.24718
0.05551  0.16200  606.9    920.8    0.18050  -0.06250 1220.8   300.0    0.65532  1192.03217
0.05553  0.16300  607.1    921.3    0.18151  -0.06299 1221.3   300.0    0.65528  1192.80205
0.05556  0.16400  607.3    921.9    0.18252  -0.06348 1221.9   300.0    0.65524  1193.55712
0.05558  0.16500  607.5    922.4    0.18353  -0.06397 1222.4   300.0    0.65520  1194.29765
0.05560  0.16600  607.6    922.8    0.18453  -0.06447 1222.8   300.0    0.65516  1195.02392
0.05563  0.16700  607.8    923.3    0.18554  -0.06496 1223.3   300.0    0.65512  1195.73621
0.05565  0.16800  607.9    923.8    0.18655  -0.06545 1223.8   300.0    0.65508  1196.43478
0.05567  0.16900  608.1    924.3    0.18756  -0.06594 1224.3   300.0    0.65504  1197.11988
0.05570  0.17000  608.2    924.7    0.18857  -0.06643 1224.7   300.0    0.65501  1197.79179
0.05572  0.17100  608.4    925.2    0.18957  -0.06693 1225.2   300.0    0.65497  1198.45074
0.05574  0.17200  608.5    925.6    0.19058  -0.06742 1225.6   300.0    0.65493  1199.09699
0.05576  0.17300  608.7    926.0    0.19159  -0.06791 1226.0   300.0    0.65490  1199.73078
0.05578  0.17400  608.8    926.5    0.19259  -0.06841 1226.5   300.0    0.65487  1200.35234
0.05580  0.17500  609.0    926.9    0.19360  -0.06890 1226.9   300.0    0.65483  1200.96191
0.05582  0.17600  609.1    927.3    0.19461  -0.06939 1227.3   300.0    0.65480  1201.55972
0.05584  0.17700  609.2    927.7    0.19561  -0.06989 1227.7   300.0    0.65477  1202.14600
0.05586  0.17800  609.4    928.1    0.19662  -0.07038 1228.1   300.0    0.65474  1202.72095
0.05588  0.17900  609.5    928.4    0.19763  -0.07087 1228.4   300.0    0.65471  1203.28481
0.05589  0.18000  609.6    928.8    0.19863  -0.07137 1228.8   300.0    0.65468  1203.83779
0.05591  0.18100  609.7    929.2    0.19964  -0.07186 1229.2   300.0    0.65465  1204.38008
0.05593  0.18200  609.8    929.5    0.20064  -0.07236 1229.5   300.0    0.65462  1204.91190
0.05595  0.18300  610.0    929.9    0.20165  -0.07285 1229.9   300.0    0.65459  1205.43344
0.05596  0.18400  610.1    930.2    0.20265  -0.07335 1230.2   300.0    0.65456  1205.94491
0.05598  0.18500  610.2    930.6    0.20366  -0.07384 1230.6   300.0    0.65454  1206.44649
0.05600  0.18600  610.3    930.9    0.20467  -0.07433 1230.9   300.0    0.65451  1206.93838
0.05601  0.18700  610.4    931.2    0.20567  -0.07483 1231.2   300.0    0.65448  1207.42076
0.05603  0.18800  610.5    931.6    0.20668  -0.07532 1231.6   300.0    0.65446  1207.89382
0.05604  0.18900  610.6    931.9    0.20768  -0.07582 1231.9   300.0    0.65443  1208.35773
0.05606  0.19000  610.7    932.2    0.20869  -0.07631 1232.2   300.0    0.65441  1208.81266
0.05607  0.19100  610.8    932.5    0.20969  -0.07681 1232.5   300.0    0.65438  1209.25880
0.05609  0.19200  610.9    932.8    0.21070  -0.07730 1232.8   300.0    0.65436  1209.69631
0.05610  0.19300  611.0    933.1    0.21170  -0.07780 1233.1   300.0    0.65434  1210.12535
0.05611  0.19400  611.1    933.4    0.21270  -0.07830 1233.4   300.0    0.65431  1210.54610
0.05613  0.19500  611.2    933.6    0.21371  -0.07879 1233.6   300.0    0.65429  1210.95869
0.05614  0.19600  611.3    933.9    0.21471  -0.07929 1233.9   300.0    0.65427  1211.36331
0.05615  0.19700  611.4    934.2    0.21572  -0.07978 1234.2   300.0    0.65425  1211.76009
0.05617  0.19800  611.5    934.4    0.21672  -0.08028 1234.4   300.0    0.65423  1212.14919
0.05618  0.19900  611.6    934.7    0.21773  -0.08077 1234.7   300.0    0.65421  1212.53076
0.05619  0.20000  611.6    934.9    0.21873  -0.08127 1234.9   300.0    0.65419  1212.90494
