eps_p    eps_q    p        q        eps_1    eps_2    sigma_1  sigma_2  epor     stateVar2
0.00000  0.00000  200.0    0.0      0.00000  0.00000  200.0    0.0      0.52500  200.00000
0.00000  0.00100  200.0    192.9    0.00100  -0.00050 328.6    135.7    0.52500  200.00000
0.00000  0.00200  153.4    248.8    0.00200  -0.00100 319.3    70.5     0.52500  205.41569
0.00000  0.00300  134.9    258.4    0.00300  -0.00150 307.2    48.8     0.52500  208.29432
0.00000  0.00400  125.0    261.8    0.00400  -0.00200 299.6    37.8     0.52500  210.07136
0.00000  0.00500  119.1    263.4    0.00500  -0.00250 294.6    31.3     0.52500  211.23639
0.00000  0.00600  115.3    264.1    0.00600  -0.00300 291.3    27.2     0.52500  212.02454
0.00000  0.00700  112.7    264.6    0.00700  -0.00350 289.1    24.5     0.52500  212.56775
0.00000  0.00800  111.0    264.8    0.00800  -0.00400 287.5    22.7     0.52500  212.94661
0.00000  0.00900  109.8    265.0    0.00900  -0.00450 286.4    21.5     0.52500  213.21291
0.00000  0.01000  109.0    265.1    0.01000  -0.00500 285.7    20.6     0.52500  213.40110
0.00000  0.01100  108.4    265.2    0.01100  -0.00550 285.1    20.0     0.52500  213.53456
0.00000  0.01200  108.0    265.2    0.01200  -0.00600 284.8    19.6     0.52500  213.62946
0.00000  0.01300  107.7    265.2    0.01300  -0.00650 284.5    19.3     0.52500  213.69706
0.00000  0.01400  107.5    265.3    0.01400  -0.00700 284.3    19.0     0.52500  213.74527
0.00000  0.01500  107.3    265.3    0.01500  -0.00750 284.1    18.9     0.52500  213.77969
0.00000  0.01600  107.2    265.3    0.01600  -0.00800 284.0    18.8     0.52500  213.80427
0.00000  0.01700  107.1    265.3    0.01700  -0.00850 284.0    18.7     0.52500  213.82184
0.00000  0.01800  107.1    265.3    0.01800  -0.00900 283.9    18.6     0.52500  213.83440
0.00000  0.01900  107.0    265.3    0.01900  -0.00950 283.9    18.6     0.52500  213.84338
0.00000  0.02000  107.0    265.3    0.02000  -0.01000 283.9    18.6     0.52500  213.84980
0.00000  0.02100  107.0    265.3    0.02100  -0.01050 283.8    18.5     0.52500  213.85440
0.00000  0.02200  107.0    265.3    0.02200  -0.01100 283.8    18.5     0.52500  213.85768
0.00000  0.02300  107.0    265.3    0.02300  -0.01150 283.8    18.5     0.52500  213.86003
0.00000  0.02400  107.0    265.3    0.02400  -0.01200 283.8    18.5     0.52500  213.86171
0.00000  0.02500  106.9    265.3    0.02500  -0.01250 283.8    18.5     0.52500  213.86292
0.00000  0.02600  106.9    265.3    0.02600  -0.01300 283.8    18.5     0.52500  213.86378
0.00000  0.02700  106.9    265.3    0.02700  -0.01350 283.8    18.5     0.52500  213.86439
0.00000  0.02800  106.9    265.3    0.02800  -0.01400 283.8    18.5     0.52500  213.86483
0.00000  0.02900  106.9    265.3    0.02900  -0.01450 283.8    18.5     0.52500  213.86515
0.00000  0.03000  106.9    265.3    0.03000  -0.01500 283.8    18.5     0.52500  213.86537
0.00000  0.03100  106.9    265.3    0.03100  -0.01550 283.8    18.5     0.52500  213.86554
0.00000  0.03200  106.9    265.3    0.03200  -0.01600 283.8    18.5     0.52500  213.86565
0.00000  0.03300  106.9    265.3    0.03300  -0.01650 283.8    18.5     0.52500  213.86573
0.00000  0.03400  106.9    265.3    0.03400  -0.01700 283.8    18.5     0.52500  213.86579
0.00000  0.03500  106.9    265.3    0.03500  -0.01750 283.8    18.5     0.52500  213.86583
0.00000  0.03600  106.9    265.3    0.03600  -0.01800 283.8    18.5     0.52500  213.86586
0.00000  0.03700  106.9    265.3    0.03700  -0.01850 283.8    18.5     0.52500  213.86589
0.00000  0.03800  106.9    265.3    0.03800  -0.01900 283.8    18.5     0.52500  213.86590
0.00000  0.03900  106.9    265.3    0.03900  -0.01950 283.8    18.5     0.52500  213.86591
0.00000  0.04000  106.9    265.3    0.04000  -0.02000 283.8    18.5     0.52500  213.86592
0.00000  0.04100  106.9    265.3    0.04100  -0.02050 283.8    18.5     0.52500  213.86593
0.00000  0.04200  106.9    265.3    0.04200  -0.02100 283.8    18.5     0.52500  213.86593
0.00000  0.04300  106.9    265.3    0.04300  -0.02150 283.8    18.5     0.52500  213.86593
0.00000  0.04400  106.9    265.3    0.04400  -0.02200 283.8    18.5     0.52500  213.86594
0.00000  0.04500  106.9    265.3    0.04500  -0.02250 283.8    18.5     0.52500  213.86594
0.00000  0.04600  106.9    265.3    0.04600  -0.02300 283.8    18.5     0.52500  213.86594
0.00000  0.04700  106.9    265.3    0.04700  -0.02350 283.8    18.5     0.52500  213.86594
0.00000  0.04800  106.9    265.3    0.04800  -0.02400 283.8    18.5     0.52500  213.86594
0.00000  0.04900  106.9    265.3    0.04900  -0.02450 283.8    18.5     0.52500  213.86594
0.00000  0.05000  106.9    265.3    0.05000  -0.02500 283.8    18.5     0.52500  213.86594
0.00000  0.05100  106.9    265.3    0.05100  -0.02550 283.8    18.5     0.52500  213.86594
0.00000  0.05200  106.9    265.3    0.05200  -0.02600 283.8    18.5     0.52500  213.86594
0.00000  0.05300  106.9    265.3    0.05300  -0.02650 283.8    18.5     0.52500  213.86594
0.00000  0.05400  106.9    265.3    0.05400  -0.02700 283.8    18.5     0.52500  213.86594
0.00000  0.05500  106.9    265.3    0.05500  -0.02750 283.8    18.5     0.52500  213.86594
0.00000  0.05600  106.9    265.3    0.05600  -0.02800 283.8    18.5     0.52500  213.86594
0.00000  0.05700  106.9    265.3    0.05700  -0.02850 283.8    18.5     0.52500  213.86594
0.00000  0.05800  106.9    265.3    0.05800  -0.02900 283.8    18.5     0.52500  213.86594
0.00000  0.05900  106.9    265.3    0.05900  -0.02950 283.8    18.5     0.52500  213.86594
0.00000  0.06000  106.9    265.3    0.06000  -0.03000 283.8    18.5     0.52500  213.86594
0.00000  0.06100  106.9    265.3    0.06100  -0.03050 283.8    18.5     0.52500  213.86594
0.00000  0.06200  106.9    265.3    0.06200  -0.03100 283.8    18.5     0.52500  213.86594
0.00000  0.06300  106.9    265.3    0.06300  -0.03150 283.8    18.5     0.52500  213.86594
0.00000  0.06400  106.9    265.3    0.06400  -0.03200 283.8    18.5     0.52500  213.86594
0.00000  0.06500  106.9    265.3    0.06500  -0.03250 283.8    18.5     0.52500  213.86594
0.00000  0.06600  106.9    265.3    0.06600  -0.03300 283.8    18.5     0.52500  213.86594
0.00000  0.06700  106.9    265.3    0.06700  -0.03350 283.8    18.5     0.52500  213.86594
0.00000  0.06800  106.9    265.3    0.06800  -0.03400 283.8    18.5     0.52500  213.86594
0.00000  0.06900  106.9    265.3    0.06900  -0.03450 283.8    18.5     0.52500  213.86594
0.00000  0.07000  106.9    265.3    0.07000  -0.03500 283.8    18.5     0.52500  213.86594
0.00000  0.07100  106.9    265.3    0.07100  -0.03550 283.8    18.5     0.52500  213.86594
0.00000  0.07200  106.9    265.3    0.07200  -0.03600 283.8    18.5     0.52500  213.86594
0.00000  0.07300  106.9    265.3    0.07300  -0.03650 283.8    18.5     0.52500  213.86594
0.00000  0.07400  106.9    265.3    0.07400  -0.03700 283.8    18.5     0.52500  213.86594
0.00000  0.07500  106.9    265.3    0.07500  -0.03750 283.8    18.5     0.52500  213.86594
0.00000  0.07600  106.9    265.3    0.07600  -0.03800 283.8    18.5     0.52500  213.86594
0.00000  0.07700  106.9    265.3    0.07700  -0.03850 283.8    18.5     0.52500  213.86594
0.00000  0.07800  106.9    265.3    0.07800  -0.03900 283.8    18.5     0.52500  213.86594
0.00000  0.07900  106.9    265.3    0.07900  -0.03950 283.8    18.5     0.52500  213.86594
0.00000  0.08000  106.9    265.3    0.08000  -0.04000 283.8    18.5     0.52500  213.86594
0.00000  0.08100  106.9    265.3    0.08100  -0.04050 283.8    18.5     0.52500  213.86594
0.00000  0.08200  106.9    265.3    0.08200  -0.04100 283.8    18.5     0.52500  213.86594
0.00000  0.08300  106.9    265.3    0.08300  -0.04150 283.8    18.5     0.52500  213.86594
0.00000  0.08400  106.9    265.3    0.08400  -0.04200 283.8    18.5     0.52500  213.86594
0.00000  0.08500  106.9    265.3    0.08500  -0.04250 283.8    18.5     0.52500  213.86594
0.00000  0.08600  106.9    265.3    0.08600  -0.04300 283.8    18.5     0.52500  213.86594
0.00000  0.08700  106.9    265.3    0.08700  -0.04350 283.8    18.5     0.52500  213.86594
0.00000  0.08800  106.9    265.3    0.08800  -0.04400 283.8    18.5     0.52500  213.86594
0.00000  0.08900  106.9    265.3    0.08900  -0.04450 283.8    18.5     0.52500  213.86594
0.00000  0.09000  106.9    265.3    0.09000  -0.04500 283.8    18.5     0.52500  213.86594
0.00000  0.09100  106.9    265.3    0.09100  -0.04550 283.8    18.5     0.52500  213.86594
0.00000  0.09200  106.9    265.3    0.09200  -0.04600 283.8    18.5     0.52500  213.86594
0.00000  0.09300  106.9    265.3    0.09300  -0.04650 283.8    18.5     0.52500  213.86594
0.00000  0.09400  106.9    265.3    0.09400  -0.04700 283.8    18.5     0.52500  213.86594
0.00000  0.09500  106.9    265.3    0.09500  -0.04750 283.8    18.5     0.52500  213.86594
0.00000  0.09600  106.9    265.3    0.09600  -0.04800 283.8    18.5     0.52500  213.86594
0.00000  0.09700  106.9    265.3    0.09700  -0.04850 283.8    18.5     0.52500  213.86594
0.00000  0.09800  106.9    265.3    0.09800  -0.04900 283.8    18.5     0.52500  213.86594
0.00000  0.09900  106.9    265.3    0.09900  -0.04950 283.8    18.5     0.52500  213.86594
0.00000  0.10000  106.9    265.3    0.10000  -0.05000 283.8    18.5     0.52500  213.86594
0.00000  0.10100  106.9    265.3    0.10100  -0.05050 283.8    18.5     0.52500  213.86594
0.00000  0.10200  106.9    265.3    0.10200  -0.05100 283.8    18.5     0.52500  213.86594
0.00000  0.10300  106.9    265.3    0.10300  -0.05150 283.8    18.5     0.52500  213.86594
0.00000  0.10400  106.9    265.3    0.10400  -0.05200 283.8    18.5     0.52500  213.86594
0.00000  0.10500  106.9    265.3    0.10500  -0.05250 283.8    18.5     0.52500  213.86594
0.00000  0.10600  106.9    265.3    0.10600  -0.05300 283.8    18.5     0.52500  213.86594
0.00000  0.10700  106.9    265.3    0.10700  -0.05350 283.8    18.5     0.52500  213.86594
0.00000  0.10800  106.9    265.3    0.10800  -0.05400 283.8    18.5     0.52500  213.86594
0.00000  0.10900  106.9    265.3    0.10900  -0.05450 283.8    18.5     0.52500  213.86594
0.00000  0.11000  106.9    265.3    0.11000  -0.05500 283.8    18.5     0.52500  213.86594
0.00000  0.11100  106.9    265.3    0.11100  -0.05550 283.8    18.5     0.52500  213.86594
0.00000  0.11200  106.9    265.3    0.11200  -0.05600 283.8    18.5     0.52500  213.86594
0.00000  0.11300  106.9    265.3    0.11300  -0.05650 283.8    18.5     0.52500  213.86594
0.00000  0.11400  106.9    265.3    0.11400  -0.05700 283.8    18.5     0.52500  213.86594
0.00000  0.11500  106.9    265.3    0.11500  -0.05750 283.8    18.5     0.52500  213.86594
0.00000  0.11600  106.9    265.3    0.11600  -0.05800 283.8    18.5     0.52500  213.86594
0.00000  0.11700  106.9    265.3    0.11700  -0.05850 283.8    18.5     0.52500  213.86594
0.00000  0.11800  106.9    265.3    0.11800  -0.05900 283.8    18.5     0.52500  213.86594
0.00000  0.11900  106.9    265.3    0.11900  -0.05950 283.8    18.5     0.52500  213.86594
0.00000  0.12000  106.9    265.3    0.12000  -0.06000 283.8    18.5     0.52500  213.86594
0.00000  0.12100  106.9    265.3    0.12100  -0.06050 283.8    18.5     0.52500  213.86594
0.00000  0.12200  106.9    265.3    0.12200  -0.06100 283.8    18.5     0.52500  213.86594
0.00000  0.12300  106.9    265.3    0.12300  -0.06150 283.8    18.5     0.52500  213.86594
0.00000  0.12400  106.9    265.3    0.12400  -0.06200 283.8    18.5     0.52500  213.86594
0.00000  0.12500  106.9    265.3    0.12500  -0.06250 283.8    18.5     0.52500  213.86594
0.00000  0.12600  106.9    265.3    0.12600  -0.06300 283.8    18.5     0.52500  213.86594
0.00000  0.12700  106.9    265.3    0.12700  -0.06350 283.8    18.5     0.52500  213.86594
0.00000  0.12800  106.9    265.3    0.12800  -0.06400 283.8    18.5     0.52500  213.86594
0.00000  0.12900  106.9    265.3    0.12900  -0.06450 283.8    18.5     0.52500  213.86594
0.00000  0.13000  106.9    265.3    0.13000  -0.06500 283.8    18.5     0.52500  213.86594
0.00000  0.13100  106.9    265.3    0.13100  -0.06550 283.8    18.5     0.52500  213.86594
0.00000  0.13200  106.9    265.3    0.13200  -0.06600 283.8    18.5     0.52500  213.86594
0.00000  0.13300  106.9    265.3    0.13300  -0.06650 283.8    18.5     0.52500  213.86594
0.00000  0.13400  106.9    265.3    0.13400  -0.06700 283.8    18.5     0.52500  213.86594
0.00000  0.13500  106.9    265.3    0.13500  -0.06750 283.8    18.5     0.52500  213.86594
0.00000  0.13600  106.9    265.3    0.13600  -0.06800 283.8    18.5     0.52500  213.86594
0.00000  0.13700  106.9    265.3    0.13700  -0.06850 283.8    18.5     0.52500  213.86594
0.00000  0.13800  106.9    265.3    0.13800  -0.06900 283.8    18.5     0.52500  213.86594
0.00000  0.13900  106.9    265.3    0.13900  -0.06950 283.8    18.5     0.52500  213.86594
0.00000  0.14000  106.9    265.3    0.14000  -0.07000 283.8    18.5     0.52500  213.86594
0.00000  0.14100  106.9    265.3    0.14100  -0.07050 283.8    18.5     0.52500  213.86594
0.00000  0.14200  106.9    265.3    0.14200  -0.07100 283.8    18.5     0.52500  213.86594
0.00000  0.14300  106.9    265.3    0.14300  -0.07150 283.8    18.5     0.52500  213.86594
0.00000  0.14400  106.9    265.3    0.14400  -0.07200 283.8    18.5     0.52500  213.86594
0.00000  0.14500  106.9    265.3    0.14500  -0.07250 283.8    18.5     0.52500  213.86594
0.00000  0.14600  106.9    265.3    0.14600  -0.07300 283.8    18.5     0.52500  213.86594
0.00000  0.14700  106.9    265.3    0.14700  -0.07350 283.8    18.5     0.52500  213.86594
0.00000  0.14800  106.9    265.3    0.14800  -0.07400 283.8    18.5     0.52500  213.86594
0.00000  0.14900  106.9    265.3    0.14900  -0.07450 283.8    18.5     0.52500  213.86594
0.00000  0.15000  106.9    265.3    0.15000  -0.07500 283.8    18.5     0.52500  213.86594
0.00000  0.15100  106.9    265.3    0.15100  -0.07550 283.8    18.5     0.52500  213.86594
0.00000  0.15200  106.9    265.3    0.15200  -0.07600 283.8    18.5     0.52500  213.86594
0.00000  0.15300  106.9    265.3    0.15300  -0.07650 283.8    18.5     0.52500  213.86594
0.00000  0.15400  106.9    265.3    0.15400  -0.07700 283.8    18.5     0.52500  213.86594
0.00000  0.15500  106.9    265.3    0.15500  -0.07750 283.8    18.5     0.52500  213.86594
0.00000  0.15600  106.9    265.3    0.15600  -0.07800 283.8    18.5     0.52500  213.86594
0.00000  0.15700  106.9    265.3    0.15700  -0.07850 283.8    18.5     0.52500  213.86594
0.00000  0.15800  106.9    265.3    0.15800  -0.07900 283.8    18.5     0.52500  213.86594
0.00000  0.15900  106.9    265.3    0.15900  -0.07950 283.8    18.5     0.52500  213.86594
0.00000  0.16000  106.9    265.3    0.16000  -0.08000 283.8    18.5     0.52500  213.86594
0.00000  0.16100  106.9    265.3    0.16100  -0.08050 283.8    18.5     0.52500  213.86594
0.00000  0.16200  106.9    265.3    0.16200  -0.08100 283.8    18.5     0.52500  213.86594
0.00000  0.16300  106.9    265.3    0.16300  -0.08150 283.8    18.5     0.52500  213.86594
0.00000  0.16400  106.9    265.3    0.16400  -0.08200 283.8    18.5     0.52500  213.86594
0.00000  0.16500  106.9    265.3    0.16500  -0.08250 283.8    18.5     0.52500  213.86594
0.00000  0.16600  106.9    265.3    0.16600  -0.08300 283.8    18.5     0.52500  213.86594
0.00000  0.16700  106.9    265.3    0.16700  -0.08350 283.8    18.5     0.52500  213.86594
0.00000  0.16800  106.9    265.3    0.16800  -0.08400 283.8    18.5     0.52500  213.86594
0.00000  0.16900  106.9    265.3    0.16900  -0.08450 283.8    18.5     0.52500  213.86594
0.00000  0.17000  106.9    265.3    0.17000  -0.08500 283.8    18.5     0.52500  213.86594
0.00000  0.17100  106.9    265.3    0.17100  -0.08550 283.8    18.5     0.52500  213.86594
0.00000  0.17200  106.9    265.3    0.17200  -0.08600 283.8    18.5     0.52500  213.86594
0.00000  0.17300  106.9    265.3    0.17300  -0.08650 283.8    18.5     0.52500  213.86594
0.00000  0.17400  106.9    265.3    0.17400  -0.08700 283.8    18.5     0.52500  213.86594
0.00000  0.17500  106.9    265.3    0.17500  -0.08750 283.8    18.5     0.52500  213.86594
0.00000  0.17600  106.9    265.3    0.17600  -0.08800 283.8    18.5     0.52500  213.86594
0.00000  0.17700  106.9    265.3    0.17700  -0.08850 283.8    18.5     0.52500  213.86594
0.00000  0.17800  106.9    265.3    0.17800  -0.08900 283.8    18.5     0.52500  213.86594
0.00000  0.17900  106.9    265.3    0.17900  -0.08950 283.8    18.5     0.52500  213.86594
0.00000  0.18000  106.9    265.3    0.18000  -0.09000 283.8    18.5     0.52500  213.86594
0.00000  0.18100  106.9    265.3    0.18100  -0.09050 283.8    18.5     0.52500  213.86594
0.00000  0.18200  106.9    265.3    0.18200  -0.09100 283.8    18.5     0.52500  213.86594
0.00000  0.18300  106.9    265.3    0.18300  -0.09150 283.8    18.5     0.52500  213.86594
0.00000  0.18400  106.9    265.3    0.18400  -0.09200 283.8    18.5     0.52500  213.86594
0.00000  0.18500  106.9    265.3    0.18500  -0.09250 283.8    18.5     0.52500  213.86594
0.00000  0.18600  106.9    265.3    0.18600  -0.09300 283.8    18.5     0.52500  213.86594
0.00000  0.18700  106.9    265.3    0.18700  -0.09350 283.8    18.5     0.52500  213.86594
0.00000  0.18800  106.9    265.3    0.18800  -0.09400 283.8    18.5     0.52500  213.86594
0.00000  0.18900  106.9    265.3    0.18900  -0.09450 283.8    18.5     0.52500  213.86594
0.00000  0.19000  106.9    265.3    0.19000  -0.09500 283.8    18.5     0.52500  213.86594
0.00000  0.19100  106.9    265.3    0.19100  -0.09550 283.8    18.5     0.52500  213.86594
0.00000  0.19200  106.9    265.3    0.19200  -0.09600 283.8    18.5     0.52500  213.86594
0.00000  0.19300  106.9    265.3    0.19300  -0.09650 283.8    18.5     0.52500  213.86594
0.00000  0.19400  106.9    265.3    0.19400  -0.09700 283.8    18.5     0.52500  213.86594
0.00000  0.19500  106.9    265.3    0.19500  -0.09750 283.8    18.5     0.52500  213.86594
0.00000  0.19600  106.9    265.3    0.19600  -0.09800 283.8    18.5     0.52500  213.86594
0.00000  0.19700  106.9    265.3    0.19700  -0.09850 283.8    18.5     0.52500  213.86594
0.00000  0.19800  106.9    265.3    0.19800  -0.09900 283.8    18.5     0.52500  213.86594
0.00000  0.19900  106.9    265.3    0.19900  -0.09950 283.8    18.5     0.52500  213.86594
0.00000  0.20000  106.9    265.3    0.20000  -0.10000 283.8    18.5     0.52500  213.86594
