eps_p    eps_q    p        q        eps_1    eps_2    sigma_1  sigma_2  epor     stateVar2
0.00000  0.00000  100.0    0.0      0.00000  0.00000  100.0    0.0      0.56900  100.00000
0.00000  0.00100  100.0    99.2     0.00100  -0.00050 166.2    66.9     0.56900  100.00000
0.00000  0.00200  76.3     126.8    0.00200  -0.00100 160.9    34.1     0.56900  102.75194
0.00000  0.00300  67.2     131.5    0.00300  -0.00150 154.8    23.3     0.56900  104.18804
0.00000  0.00400  62.3     133.1    0.00400  -0.00200 151.0    17.9     0.56900  105.06924
0.00000  0.00500  59.3     133.8    0.00500  -0.00250 148.6    14.7     0.56900  105.64411
0.00000  0.00600  57.5     134.2    0.00600  -0.00300 146.9    12.7     0.56900  106.03119
0.00000  0.00700  56.2     134.4    0.00700  -0.00350 145.8    11.4     0.56900  106.29675
0.00000  0.00800  55.4     134.5    0.00800  -0.00400 145.1    10.6     0.56900  106.48109
0.00000  0.00900  54.8     134.6    0.00900  -0.00450 144.5    10.0     0.56900  106.61005
0.00000  0.01000  54.4     134.6    0.01000  -0.00500 144.2    9.5      0.56900  106.70075
0.00000  0.01100  54.1     134.7    0.01100  -0.00550 143.9    9.2      0.56900  106.76477
0.00000  0.01200  53.9     134.7    0.01200  -0.00600 143.7    9.0      0.56900  106.81006
0.00000  0.01300  53.8     134.7    0.01300  -0.00650 143.6    8.9      0.56900  106.84217
0.00000  0.01400  53.7     134.7    0.01400  -0.00700 143.5    8.8      0.56900  106.86496
0.00000  0.01500  53.6     134.7    0.01500  -0.00750 143.4    8.7      0.56900  106.88114
0.00000  0.01600  53.6     134.7    0.01600  -0.00800 143.4    8.7      0.56900  106.89264
0.00000  0.01700  53.5     134.7    0.01700  -0.00850 143.4    8.6      0.56900  106.90082
0.00000  0.01800  53.5     134.7    0.01800  -0.00900 143.3    8.6      0.56900  106.90664
0.00000  0.01900  53.5     134.7    0.01900  -0.00950 143.3    8.6      0.56900  106.91078
0.00000  0.02000  53.5     134.7    0.02000  -0.01000 143.3    8.6      0.56900  106.91372
0.00000  0.02100  53.5     134.7    0.02100  -0.01050 143.3    8.6      0.56900  106.91582
0.00000  0.02200  53.5     134.7    0.02200  -0.01100 143.3    8.6      0.56900  106.91731
0.00000  0.02300  53.5     134.7    0.02300  -0.01150 143.3    8.6      0.56900  106.91837
0.00000  0.02400  53.5     134.7    0.02400  -0.01200 143.3    8.6      0.56900  106.91912
0.00000  0.02500  53.5     134.7    0.02500  -0.01250 143.3    8.6      0.56900  106.91966
0.00000  0.02600  53.5     134.7    0.02600  -0.01300 143.3    8.6      0.56900  106.92004
0.00000  0.02700  53.5     134.7    0.02700  -0.01350 143.3    8.6      0.56900  106.92032
0.00000  0.02800  53.5     134.7    0.02800  -0.01400 143.3    8.6      0.56900  106.92051
0.00000  0.02900  53.5     134.7    0.02900  -0.01450 143.3    8.6      0.56900  106.92065
0.00000  0.03000  53.5     134.7    0.03000  -0.01500 143.3    8.5      0.56900  106.92075
0.00000  0.03100  53.5     134.7    0.03100  -0.01550 143.3    8.5      0.56900  106.92082
0.00000  0.03200  53.5     134.7    0.03200  -0.01600 143.3    8.5      0.56900  106.92087
0.00000  0.03300  53.5     134.7    0.03300  -0.01650 143.3    8.5      0.56900  106.92090
0.00000  0.03400  53.5     134.7    0.03400  -0.01700 143.3    8.5      0.56900  106.92093
0.00000  0.03500  53.5     134.7    0.03500  -0.01750 143.3    8.5      0.56900  106.92095
0.00000  0.03600  53.5     134.7    0.03600  -0.01800 143.3    8.5      0.56900  106.92096
0.00000  0.03700  53.5     134.7    0.03700  -0.01850 143.3    8.5      0.56900  106.92097
0.00000  0.03800  53.5     134.7    0.03800  -0.01900 143.3    8.5      0.56900  106.92097
0.00000  0.03900  53.5     134.7    0.03900  -0.01950 143.3    8.5      0.56900  106.92098
0.00000  0.04000  53.5     134.7    0.04000  -0.02000 143.3    8.5      0.56900  106.92098
0.00000  0.04100  53.5     134.7    0.04100  -0.02050 143.3    8.5      0.56900  106.92098
0.00000  0.04200  53.5     134.7    0.04200  -0.02100 143.3    8.5      0.56900  106.92099
0.00000  0.04300  53.5     134.7    0.04300  -0.02150 143.3    8.5      0.56900  106.92099
0.00000  0.04400  53.5     134.7    0.04400  -0.02200 143.3    8.5      0.56900  106.92099
0.00000  0.04500  53.5     134.7    0.04500  -0.02250 143.3    8.5      0.56900  106.92099
0.00000  0.04600  53.5     134.7    0.04600  -0.02300 143.3    8.5      0.56900  106.92099
0.00000  0.04700  53.5     134.7    0.04700  -0.02350 143.3    8.5      0.56900  106.92099
0.00000  0.04800  53.5     134.7    0.04800  -0.02400 143.3    8.5      0.56900  106.92099
0.00000  0.04900  53.5     134.7    0.04900  -0.02450 143.3    8.5      0.56900  106.92099
0.00000  0.05000  53.5     134.7    0.05000  -0.02500 143.3    8.5      0.56900  106.92099
0.00000  0.05100  53.5     134.7    0.05100  -0.02550 143.3    8.5      0.56900  106.92099
0.00000  0.05200  53.5     134.7    0.05200  -0.02600 143.3    8.5      0.56900  106.92099
0.00000  0.05300  53.5     134.7    0.05300  -0.02650 143.3    8.5      0.56900  106.92099
0.00000  0.05400  53.5     134.7    0.05400  -0.02700 143.3    8.5      0.56900  106.92099
0.00000  0.05500  53.5     134.7    0.05500  -0.02750 143.3    8.5      0.56900  106.92099
0.00000  0.05600  53.5     134.7    0.05600  -0.02800 143.3    8.5      0.56900  106.92099
0.00000  0.05700  53.5     134.7    0.05700  -0.02850 143.3    8.5      0.56900  106.92099
0.00000  0.05800  53.5     134.7    0.05800  -0.02900 143.3    8.5      0.56900  106.92099
0.00000  0.05900  53.5     134.7    0.05900  -0.02950 143.3    8.5      0.56900  106.92099
0.00000  0.06000  53.5     134.7    0.06000  -0.03000 143.3    8.5      0.56900  106.92099
0.00000  0.06100  53.5     134.7    0.06100  -0.03050 143.3    8.5      0.56900  106.92099
0.00000  0.06200  53.5     134.7    0.06200  -0.03100 143.3    8.5      0.56900  106.92099
0.00000  0.06300  53.5     134.7    0.06300  -0.03150 143.3    8.5      0.56900  106.92099
0.00000  0.06400  53.5     134.7    0.06400  -0.03200 143.3    8.5      0.56900  106.92099
0.00000  0.06500  53.5     134.7    0.06500  -0.03250 143.3    8.5      0.56900  106.92099
0.00000  0.06600  53.5     134.7    0.06600  -0.03300 143.3    8.5      0.56900  106.92099
0.00000  0.06700  53.5     134.7    0.06700  -0.03350 143.3    8.5      0.56900  106.92099
0.00000  0.06800  53.5     134.7    0.06800  -0.03400 143.3    8.5      0.56900  106.92099
0.00000  0.06900  53.5     134.7    0.06900  -0.03450 143.3    8.5      0.56900  106.92099
0.00000  0.07000  53.5     134.7    0.07000  -0.03500 143.3    8.5      0.56900  106.92099
0.00000  0.07100  53.5     134.7    0.07100  -0.03550 143.3    8.5      0.56900  106.92099
0.00000  0.07200  53.5     134.7    0.07200  -0.03600 143.3    8.5      0.56900  106.92099
0.00000  0.07300  53.5     134.7    0.07300  -0.03650 143.3    8.5      0.56900  106.92099
0.00000  0.07400  53.5     134.7    0.07400  -0.03700 143.3    8.5      0.56900  106.92099
0.00000  0.07500  53.5     134.7    0.07500  -0.03750 143.3    8.5      0.56900  106.92099
0.00000  0.07600  53.5     134.7    0.07600  -0.03800 143.3    8.5      0.56900  106.92099
0.00000  0.07700  53.5     134.7    0.07700  -0.03850 143.3    8.5      0.56900  106.92099
0.00000  0.07800  53.5     134.7    0.07800  -0.03900 143.3    8.5      0.56900  106.92099
0.00000  0.07900  53.5     134.7    0.07900  -0.03950 143.3    8.5      0.56900  106.92099
0.00000  0.08000  53.5     134.7    0.08000  -0.04000 143.3    8.5      0.56900  106.92099
0.00000  0.08100  53.5     134.7    0.08100  -0.04050 143.3    8.5      0.56900  106.92099
0.00000  0.08200  53.5     134.7    0.08200  -0.04100 143.3    8.5      0.56900  106.92099
0.00000  0.08300  53.5     134.7    0.08300  -0.04150 143.3    8.5      0.56900  106.92099
0.00000  0.08400  53.5     134.7    0.08400  -0.04200 143.3    8.5      0.56900  106.92099
0.00000  0.08500  53.5     134.7    0.08500  -0.04250 143.3    8.5      0.56900  106.92099
0.00000  0.08600  53.5     134.7    0.08600  -0.04300 143.3    8.5      0.56900  106.92099
0.00000  0.08700  53.5     134.7    0.08700  -0.04350 143.3    8.5      0.56900  106.92099
0.00000  0.08800  53.5     134.7    0.08800  -0.04400 143.3    8.5      0.56900  106.92099
0.00000  0.08900  53.5     134.7    0.08900  -0.04450 143.3    8.5      0.56900  106.92099
0.00000  0.09000  53.5     134.7    0.09000  -0.04500 143.3    8.5      0.56900  106.92099
0.00000  0.09100  53.5     134.7    0.09100  -0.04550 143.3    8.5      0.56900  106.92099
0.00000  0.09200  53.5     134.7    0.09200  -0.04600 143.3    8.5      0.56900  106.92099
0.00000  0.09300  53.5     134.7    0.09300  -0.04650 143.3    8.5      0.56900  106.92099
0.00000  0.09400  53.5     134.7    0.09400  -0.04700 143.3    8.5      0.56900  106.92099
0.00000  0.09500  53.5     134.7    0.09500  -0.04750 143.3    8.5      0.56900  106.92099
0.00000  0.09600  53.5     134.7    0.09600  -0.04800 143.3    8.5      0.56900  106.92099
0.00000  0.09700  53.5     134.7    0.09700  -0.04850 143.3    8.5      0.56900  106.92099
0.00000  0.09800  53.5     134.7    0.09800  -0.04900 143.3    8.5      0.56900  106.92099
0.00000  0.09900  53.5     134.7    0.09900  -0.04950 143.3    8.5      0.56900  106.92099
0.00000  0.10000  53.5     134.7    0.10000  -0.05000 143.3    8.5      0.56900  106.92099
0.00000  0.10100  53.5     134.7    0.10100  -0.05050 143.3    8.5      0.56900  106.92099
0.00000  0.10200  53.5     134.7    0.10200  -0.05100 143.3    8.5      0.56900  106.92099
0.00000  0.10300  53.5     134.7    0.10300  -0.05150 143.3    8.5      0.56900  106.92099
0.00000  0.10400  53.5     134.7    0.10400  -0.05200 143.3    8.5      0.56900  106.92099
0.00000  0.10500  53.5     134.7    0.10500  -0.05250 143.3    8.5      0.56900  106.92099
0.00000  0.10600  53.5     134.7    0.10600  -0.05300 143.3    8.5      0.56900  106.92099
0.00000  0.10700  53.5     134.7    0.10700  -0.05350 143.3    8.5      0.56900  106.92099
0.00000  0.10800  53.5     134.7    0.10800  -0.05400 143.3    8.5      0.56900  106.92099
0.00000  0.10900  53.5     134.7    0.10900  -0.05450 143.3    8.5      0.56900  106.92099
0.00000  0.11000  53.5     134.7    0.11000  -0.05500 143.3    8.5      0.56900  106.92099
0.00000  0.11100  53.5     134.7    0.11100  -0.05550 143.3    8.5      0.56900  106.92099
0.00000  0.11200  53.5     134.7    0.11200  -0.05600 143.3    8.5      0.56900  106.92099
0.00000  0.11300  53.5     134.7    0.11300  -0.05650 143.3    8.5      0.56900  106.92099
0.00000  0.11400  53.5     134.7    0.11400  -0.05700 143.3    8.5      0.56900  106.92099
0.00000  0.11500  53.5     134.7    0.11500  -0.05750 143.3    8.5      0.56900  106.92099
0.00000  0.11600  53.5     134.7    0.11600  -0.05800 143.3    8.5      0.56900  106.92099
0.00000  0.11700  53.5     134.7    0.11700  -0.05850 143.3    8.5      0.56900  106.92099
0.00000  0.11800  53.5     134.7    0.11800  -0.05900 143.3    8.5      0.56900  106.92099
0.00000  0.11900  53.5     134.7    0.11900  -0.05950 143.3    8.5      0.56900  106.92099
0.00000  0.12000  53.5     134.7    0.12000  -0.06000 143.3    8.5      0.56900  106.92099
0.00000  0.12100  53.5     134.7    0.12100  -0.06050 143.3    8.5      0.56900  106.92099
0.00000  0.12200  53.5     134.7    0.12200  -0.06100 143.3    8.5      0.56900  106.92099
0.00000  0.12300  53.5     134.7    0.12300  -0.06150 143.3    8.5      0.56900  106.92099
0.00000  0.12400  53.5     134.7    0.12400  -0.06200 143.3    8.5      0.56900  106.92099
0.00000  0.12500  53.5     134.7    0.12500  -0.06250 143.3    8.5      0.56900  106.92099
0.00000  0.12600  53.5     134.7    0.12600  -0.06300 143.3    8.5      0.56900  106.92099
0.00000  0.12700  53.5     134.7    0.12700  -0.06350 143.3    8.5      0.56900  106.92099
0.00000  0.12800  53.5     134.7    0.12800  -0.06400 143.3    8.5      0.56900  106.92099
0.00000  0.12900  53.5     134.7    0.12900  -0.06450 143.3    8.5      0.56900  106.92099
0.00000  0.13000  53.5     134.7    0.13000  -0.06500 143.3    8.5      0.56900  106.92099
0.00000  0.13100  53.5     134.7    0.13100  -0.06550 143.3    8.5      0.56900  106.92099
0.00000  0.13200  53.5     134.7    0.13200  -0.06600 143.3    8.5      0.56900  106.92099
0.00000  0.13300  53.5     134.7    0.13300  -0.06650 143.3    8.5      0.56900  106.92099
0.00000  0.13400  53.5     134.7    0.13400  -0.06700 143.3    8.5      0.56900  106.92099
0.00000  0.13500  53.5     134.7    0.13500  -0.06750 143.3    8.5      0.56900  106.92099
0.00000  0.13600  53.5     134.7    0.13600  -0.06800 143.3    8.5      0.56900  106.92099
0.00000  0.13700  53.5     134.7    0.13700  -0.06850 143.3    8.5      0.56900  106.92099
0.00000  0.13800  53.5     134.7    0.13800  -0.06900 143.3    8.5      0.56900  106.92099
0.00000  0.13900  53.5     134.7    0.13900  -0.06950 143.3    8.5      0.56900  106.92099
0.00000  0.14000  53.5     134.7    0.14000  -0.07000 143.3    8.5      0.56900  106.92099
0.00000  0.14100  53.5     134.7    0.14100  -0.07050 143.3    8.5      0.56900  106.92099
0.00000  0.14200  53.5     134.7    0.14200  -0.07100 143.3    8.5      0.56900  106.92099
0.00000  0.14300  53.5     134.7    0.14300  -0.07150 143.3    8.5      0.56900  106.92099
0.00000  0.14400  53.5     134.7    0.14400  -0.07200 143.3    8.5      0.56900  106.92099
0.00000  0.14500  53.5     134.7    0.14500  -0.07250 143.3    8.5      0.56900  106.92099
0.00000  0.14600  53.5     134.7    0.14600  -0.07300 143.3    8.5      0.56900  106.92099
0.00000  0.14700  53.5     134.7    0.14700  -0.07350 143.3    8.5      0.56900  106.92099
0.00000  0.14800  53.5     134.7    0.14800  -0.07400 143.3    8.5      0.56900  106.92099
0.00000  0.14900  53.5     134.7    0.14900  -0.07450 143.3    8.5      0.56900  106.92099
0.00000  0.15000  53.5     134.7    0.15000  -0.07500 143.3    8.5      0.56900  106.92099
0.00000  0.15100  53.5     134.7    0.15100  -0.07550 143.3    8.5      0.56900  106.92099
0.00000  0.15200  53.5     134.7    0.15200  -0.07600 143.3    8.5      0.56900  106.92099
0.00000  0.15300  53.5     134.7    0.15300  -0.07650 143.3    8.5      0.56900  106.92099
0.00000  0.15400  53.5     134.7    0.15400  -0.07700 143.3    8.5      0.56900  106.92099
0.00000  0.15500  53.5     134.7    0.15500  -0.07750 143.3    8.5      0.56900  106.92099
0.00000  0.15600  53.5     134.7    0.15600  -0.07800 143.3    8.5      0.56900  106.92099
0.00000  0.15700  53.5     134.7    0.15700  -0.07850 143.3    8.5      0.56900  106.92099
0.00000  0.15800  53.5     134.7    0.15800  -0.07900 143.3    8.5      0.56900  106.92099
0.00000  0.15900  53.5     134.7    0.15900  -0.07950 143.3    8.5      0.56900  106.92099
0.00000  0.16000  53.5     134.7    0.16000  -0.08000 143.3    8.5      0.56900  106.92099
0.00000  0.16100  53.5     134.7    0.16100  -0.08050 143.3    8.5      0.56900  106.92099
0.00000  0.16200  53.5     134.7    0.16200  -0.08100 143.3    8.5      0.56900  106.92099
0.00000  0.16300  53.5     134.7    0.16300  -0.08150 143.3    8.5      0.56900  106.92099
0.00000  0.16400  53.5     134.7    0.16400  -0.08200 143.3    8.5      0.56900  106.92099
0.00000  0.16500  53.5     134.7    0.16500  -0.08250 143.3    8.5      0.56900  106.92099
0.00000  0.16600  53.5     134.7    0.16600  -0.08300 143.3    8.5      0.56900  106.92099
0.00000  0.16700  53.5     134.7    0.16700  -0.08350 143.3    8.5      0.56900  106.92099
0.00000  0.16800  53.5     134.7    0.16800  -0.08400 143.3    8.5      0.56900  106.92099
0.00000  0.16900  53.5     134.7    0.16900  -0.08450 143.3    8.5      0.56900  106.92099
0.00000  0.17000  53.5     134.7    0.17000  -0.08500 143.3    8.5      0.56900  106.92099
0.00000  0.17100  53.5     134.7    0.17100  -0.08550 143.3    8.5      0.56900  106.92099
0.00000  0.17200  53.5     134.7    0.17200  -0.08600 143.3    8.5      0.56900  106.92099
0.00000  0.17300  53.5     134.7    0.17300  -0.08650 143.3    8.5      0.56900  106.92099
0.00000  0.17400  53.5     134.7    0.17400  -0.08700 143.3    8.5      0.56900  106.92099
0.00000  0.17500  53.5     134.7    0.17500  -0.08750 143.3    8.5      0.56900  106.92099
0.00000  0.17600  53.5     134.7    0.17600  -0.08800 143.3    8.5      0.56900  106.92099
0.00000  0.17700  53.5     134.7    0.17700  -0.08850 143.3    8.5      0.56900  106.92099
0.00000  0.17800  53.5     134.7    0.17800  -0.08900 143.3    8.5      0.56900  106.92099
0.00000  0.17900  53.5     134.7    0.17900  -0.08950 143.3    8.5      0.56900  106.92099
0.00000  0.18000  53.5     134.7    0.18000  -0.09000 143.3    8.5      0.56900  106.92099
0.00000  0.18100  53.5     134.7    0.18100  -0.09050 143.3    8.5      0.56900  106.92099
0.00000  0.18200  53.5     134.7    0.18200  -0.09100 143.3    8.5      0.56900  106.92099
0.00000  0.18300  53.5     134.7    0.18300  -0.09150 143.3    8.5      0.56900  106.92099
0.00000  0.18400  53.5     134.7    0.18400  -0.09200 143.3    8.5      0.56900  106.92099
0.00000  0.18500  53.5     134.7    0.18500  -0.09250 143.3    8.5      0.56900  106.92099
0.00000  0.18600  53.5     134.7    0.18600  -0.09300 143.3    8.5      0.56900  106.92099
0.00000  0.18700  53.5     134.7    0.18700  -0.09350 143.3    8.5      0.56900  106.92099
0.00000  0.18800  53.5     134.7    0.18800  -0.09400 143.3    8.5      0.56900  106.92099
0.00000  0.18900  53.5     134.7    0.18900  -0.09450 143.3    8.5      0.56900  106.92099
0.00000  0.19000  53.5     134.7    0.19000  -0.09500 143.3    8.5      0.56900  106.92099
0.00000  0.19100  53.5     134.7    0.19100  -0.09550 143.3    8.5      0.56900  106.92099
0.00000  0.19200  53.5     134.7    0.19200  -0.09600 143.3    8.5      0.56900  106.92099
0.00000  0.19300  53.5     134.7    0.19300  -0.09650 143.3    8.5      0.56900  106.92099
0.00000  0.19400  53.5     134.7    0.19400  -0.09700 143.3    8.5      0.56900  106.92099
0.00000  0.19500  53.5     134.7    0.19500  -0.09750 143.3    8.5      0.56900  106.92099
0.00000  0.19600  53.5     134.7    0.19600  -0.09800 143.3    8.5      0.56900  106.92099
0.00000  0.19700  53.5     134.7    0.19700  -0.09850 143.3    8.5      0.56900  106.92099
0.00000  0.19800  53.5     134.7    0.19800  -0.09900 143.3    8.5      0.56900  106.92099
0.00000  0.19900  53.5     134.7    0.19900  -0.09950 143.3    8.5      0.56900  106.92099
0.00000  0.20000  53.5     134.7    0.20000  -0.10000 143.3    8.5      0.56900  106.92099
