eps_p    eps_q    p        q        eps_1    eps_2    sigma_1  sigma_2  epor     stateVar2
0.00000  0.00000  300.0    2.0      0.00000  0.00000  301.3    299.3    0.69700  0.00000 
0.00057  0.00100  328.1    86.2     0.00119  -0.00031 385.5    299.3    0.69603  0.00000 
0.00114  0.00200  356.1    170.4    0.00238  -0.00062 469.8    299.3    0.69506  0.00000 
0.00171  0.00300  384.2    254.6    0.00357  -0.00093 554.0    299.3    0.69409  0.00000 
0.00229  0.00400  412.3    338.9    0.00476  -0.00124 638.2    299.3    0.69312  0.00000 
0.00286  0.00500  440.4    423.1    0.00595  -0.00155 722.4    299.3    0.69216  0.00000 
0.00343  0.00600  468.4    507.3    0.00714  -0.00186 806.6    299.3    0.69119  0.00000 
0.00400  0.00700  496.5    591.5    0.00833  -0.00217 890.8    299.3    0.69022  0.00000 
0.00457  0.00800  524.6    675.7    0.00952  -0.00248 975.1    299.3    0.68926  0.00000 
0.00514  0.00900  552.6    759.9    0.01071  -0.00279 1059.3   299.3    0.68829  0.00000 
0.00571  0.01000  580.7    844.2    0.01190  -0.00310 1143.5   299.3    0.68733  0.00000 
0.00629  0.01100  608.8    928.4    0.01310  -0.00340 1227.7   299.3    0.68636  0.00000 
0.00686  0.01200  636.9    1012.6   0.01429  -0.00371 1311.9   299.3    0.68540  0.00000 
0.00743  0.01300  664.9    1096.8   0.01548  -0.00402 1396.1   299.3    0.68444  0.00000 
0.00800  0.01400  693.0    1181.0   0.01667  -0.00433 1480.4   299.3    0.68347  0.00000 
0.00857  0.01500  721.1    1265.2   0.01786  -0.00464 1564.6   299.3    0.68251  0.00000 
0.00797  0.01600  721.1    1265.2   0.01866  -0.00534 1564.6   299.3    0.68353  0.00000 
0.00737  0.01700  721.1    1265.2   0.01946  -0.00604 1564.6   299.3    0.68454  0.00000 
0.00676  0.01800  721.1    1265.2   0.02025  -0.00675 1564.6   299.3    0.68556  0.00000 
0.00616  0.01900  721.1    1265.2   0.02105  -0.00745 1564.6   299.3    0.68657  0.00000 
0.00556  0.02000  721.1    1265.2   0.02185  -0.00815 1564.6   299.3    0.68759  0.00000 
0.00495  0.02100  721.1    1265.2   0.02265  -0.00885 1564.6   299.3    0.68861  0.00000 
0.00435  0.02200  721.1    1265.2   0.02345  -0.00955 1564.6   299.3    0.68963  0.00000 
0.00375  0.02300  721.1    1265.2   0.02425  -0.01025 1564.6   299.3    0.69065  0.00000 
0.00314  0.02400  721.1    1265.2   0.02505  -0.01095 1564.6   299.3    0.69167  0.00000 
0.00254  0.02500  721.1    1265.2   0.02585  -0.01165 1564.6   299.3    0.69269  0.00000 
0.00194  0.02600  721.1    1265.2   0.02665  -0.01235 1564.6   299.3    0.69371  0.00000 
0.00134  0.02700  721.1    1265.2   0.02745  -0.01305 1564.6   299.3    0.69473  0.00000 
0.00073  0.02800  721.1    1265.2   0.02824  -0.01376 1564.6   299.3    0.69575  0.00000 
0.00013  0.02900  721.1    1265.2   0.02904  -0.01446 1564.6   299.3    0.69677  0.00000 
-0.00047 0.03000  721.1    1265.2   0.02984  -0.01516 1564.6   299.3    0.69779  0.00000 
-0.00108 0.03100  721.1    1265.2   0.03064  -0.01586 1564.6   299.3    0.69882  0.00000 
-0.00168 0.03200  721.1    1265.2   0.03144  -0.01656 1564.6   299.3    0.69984  0.00000 
-0.00228 0.03300  721.1    1265.2   0.03224  -0.01726 1564.6   299.3    0.70087  0.00000 
-0.00289 0.03400  721.1    1265.2   0.03304  -0.01796 1564.6   299.3    0.70189  0.00000 
-0.00349 0.03500  721.1    1265.2   0.03384  -0.01866 1564.6   299.3    0.70292  0.00000 
-0.00409 0.03600  721.1    1265.2   0.03464  -0.01936 1564.6   299.3    0.70395  0.00000 
-0.00469 0.03700  721.1    1265.2   0.03544  -0.02006 1564.6   299.3    0.70497  0.00000 
-0.00530 0.03800  721.1    1265.2   0.03623  -0.02077 1564.6   299.3    0.70600  0.00000 
-0.00590 0.03900  721.1    1265.2   0.03703  -0.02147 1564.6   299.3    0.70703  0.00000 
-0.00650 0.04000  721.1    1265.2   0.03783  -0.02217 1564.6   299.3    0.70806  0.00000 
-0.00711 0.04100  721.1    1265.2   0.03863  -0.02287 1564.6   299.3    0.70909  0.00000 
-0.00771 0.04200  721.1    1265.2   0.03943  -0.02357 1564.6   299.3    0.71012  0.00000 
-0.00831 0.04300  721.1    1265.2   0.04023  -0.02427 1564.6   299.3    0.71115  0.00000 
-0.00892 0.04400  721.1    1265.2   0.04103  -0.02497 1564.6   299.3    0.71218  0.00000 
-0.00952 0.04500  721.1    1265.2   0.04183  -0.02567 1564.6   299.3    0.71322  0.00000 
-0.01012 0.04600  721.1    1265.2   0.04263  -0.02637 1564.6   299.3    0.71425  0.00000 
-0.01072 0.04700  721.1    1265.2   0.04343  -0.02707 1564.6   299.3    0.71528  0.00000 
-0.01133 0.04800  721.1    1265.2   0.04422  -0.02778 1564.6   299.3    0.71632  0.00000 
-0.01193 0.04900  721.1    1265.2   0.04502  -0.02848 1564.6   299.3    0.71735  0.00000 
-0.01253 0.05000  721.1    1265.2   0.04582  -0.02918 1564.6   299.3    0.71839  0.00000 
-0.01314 0.05100  721.1    1265.2   0.04662  -0.02988 1564.6   299.3    0.71942  0.00000 
-0.01374 0.05200  721.1    1265.2   0.04742  -0.03058 1564.6   299.3    0.72046  0.00000 
-0.01434 0.05300  721.1    1265.2   0.04822  -0.03128 1564.6   299.3    0.72150  0.00000 
-0.01494 0.05400  721.1    1265.2   0.04902  -0.03198 1564.6   299.3    0.72254  0.00000 
-0.01555 0.05500  721.1    1265.2   0.04982  -0.03268 1564.6   299.3    0.72357  0.00000 
-0.01615 0.05600  721.1    1265.2   0.05062  -0.03338 1564.6   299.3    0.72461  0.00000 
-0.01675 0.05700  721.1    1265.2   0.05142  -0.03408 1564.6   299.3    0.72565  0.00000 
-0.01736 0.05800  721.1    1265.2   0.05221  -0.03479 1564.6   299.3    0.72669  0.00000 
-0.01796 0.05900  721.1    1265.2   0.05301  -0.03549 1564.6   299.3    0.72774  0.00000 
-0.01856 0.06000  721.1    1265.2   0.05381  -0.03619 1564.6   299.3    0.72878  0.00000 
-0.01917 0.06100  721.1    1265.2   0.05461  -0.03689 1564.6   299.3    0.72982  0.00000 
-0.01977 0.06200  721.1    1265.2   0.05541  -0.03759 1564.6   299.3    0.73086  0.00000 
-0.02037 0.06300  721.1    1265.2   0.05621  -0.03829 1564.6   299.3    0.73191  0.00000 
-0.02097 0.06400  721.1    1265.2   0.05701  -0.03899 1564.6   299.3    0.73295  0.00000 
-0.02158 0.06500  721.1    1265.2   0.05781  -0.03969 1564.6   299.3    0.73400  0.00000 
-0.02218 0.06600  721.1    1265.2   0.05861  -0.04039 1564.6   299.3    0.73504  0.00000 
-0.02278 0.06700  721.1    1265.2   0.05941  -0.04109 1564.6   299.3    0.73609  0.00000 
-0.02339 0.06800  721.1    1265.2   0.06020  -0.04180 1564.6   299.3    0.73713  0.00000 
-0.02399 0.06900  721.1    1265.2   0.06100  -0.04250 1564.6   299.3    0.73818  0.00000 
-0.02459 0.07000  721.1    1265.2   0.06180  -0.04320 1564.6   299.3    0.73923  0.00000 
-0.02520 0.07100  721.1    1265.2   0.06260  -0.04390 1564.6   299.3    0.74028  0.00000 
-0.02580 0.07200  721.1    1265.2   0.06340  -0.04460 1564.6   299.3    0.74133  0.00000 
-0.02640 0.07300  721.1    1265.2   0.06420  -0.04530 1564.6   299.3    0.74238  0.00000 
-0.02700 0.07400  721.1    1265.2   0.06500  -0.04600 1564.6   299.3    0.74343  0.00000 
-0.02761 0.07500  721.1    1265.2   0.06580  -0.04670 1564.6   299.3    0.74448  0.00000 
-0.02821 0.07600  721.1    1265.2   0.06660  -0.04740 1564.6   299.3    0.74553  0.00000 
-0.02881 0.07700  721.1    1265.2   0.06740  -0.04810 1564.6   299.3    0.74658  0.00000 
-0.02942 0.07800  721.1    1265.2   0.06819  -0.04881 1564.6   299.3    0.74764  0.00000 
-0.03002 0.07900  721.1    1265.2   0.06899  -0.04951 1564.6   299.3    0.74869  0.00000 
-0.03062 0.08000  721.1    1265.2   0.06979  -0.05021 1564.6   299.3    0.74975  0.00000 
-0.03123 0.08100  721.1    1265.2   0.07059  -0.05091 1564.6   299.3    0.75080  0.00000 
-0.03183 0.08200  721.1    1265.2   0.07139  -0.05161 1564.6   299.3    0.75186  0.00000 
-0.03243 0.08300  721.1    1265.2   0.07219  -0.05231 1564.6   299.3    0.75291  0.00000 
-0.03303 0.08400  721.1    1265.2   0.07299  -0.05301 1564.6   299.3    0.75397  0.00000 
-0.03364 0.08500  721.1    1265.2   0.07379  -0.05371 1564.6   299.3    0.75503  0.00000 
-0.03424 0.08600  721.1    1265.2   0.07459  -0.05441 1564.6   299.3    0.75609  0.00000 
-0.03484 0.08700  721.1    1265.2   0.07539  -0.05511 1564.6   299.3    0.75714  0.00000 
-0.03545 0.08800  721.1    1265.2   0.07618  -0.05582 1564.6   299.3    0.75820  0.00000 
-0.03605 0.08900  721.1    1265.2   0.07698  -0.05652 1564.6   299.3    0.75926  0.00000 
-0.03665 0.09000  721.1    1265.2   0.07778  -0.05722 1564.6   299.3    0.76032  0.00000 
-0.03726 0.09100  721.1    1265.2   0.07858  -0.05792 1564.6   299.3    0.76139  0.00000 
-0.03786 0.09200  721.1    1265.2   0.07938  -0.05862 1564.6   299.3    0.76245  0.00000 
-0.03846 0.09300  721.1    1265.2   0.08018  -0.05932 1564.6   299.3    0.76351  0.00000 
-0.03906 0.09400  721.1    1265.2   0.08098  -0.06002 1564.6   299.3    0.76457  0.00000 
-0.03967 0.09500  721.1    1265.2   0.08178  -0.06072 1564.6   299.3    0.76564  0.00000 
-0.04027 0.09600  721.1    1265.2   0.08258  -0.06142 1564.6   299.3    0.76670  0.00000 
-0.04087 0.09700  721.1    1265.2   0.08338  -0.06212 1564.6   299.3    0.76777  0.00000 
-0.04148 0.09800  721.1    1265.2   0.08417  -0.06283 1564.6   299.3    0.76883  0.00000 
-0.04208 0.09900  721.1    1265.2   0.08497  -0.06353 1564.6   299.3    0.76990  0.00000 
-0.04268 0.10000  721.1    1265.2   0.08577  -0.06423 1564.6   299.3    0.77097  0.00000 
-0.04329 0.10100  721.1    1265.2   0.08657  -0.06493 1564.6   299.3    0.77204  0.00000 
-0.04389 0.10200  721.1    1265.2   0.08737  -0.06563 1564.6   299.3    0.77310  0.00000 
-0.04449 0.10300  721.1    1265.2   0.08817  -0.06633 1564.6   299.3    0.77417  0.00000 
-0.04509 0.10400  721.1    1265.2   0.08897  -0.06703 1564.6   299.3    0.77524  0.00000 
-0.04570 0.10500  721.1    1265.2   0.08977  -0.06773 1564.6   299.3    0.77631  0.00000 
-0.04630 0.10600  721.1    1265.2   0.09057  -0.06843 1564.6   299.3    0.77738  0.00000 
-0.04690 0.10700  721.1    1265.2   0.09137  -0.06913 1564.6   299.3    0.77846  0.00000 
-0.04751 0.10800  721.1    1265.2   0.09216  -0.06984 1564.6   299.3    0.77953  0.00000 
-0.04811 0.10900  721.1    1265.2   0.09296  -0.07054 1564.6   299.3    0.78060  0.00000 
-0.04871 0.11000  721.1    1265.2   0.09376  -0.07124 1564.6   299.3    0.78168  0.00000 
-0.04931 0.11100  721.1    1265.2   0.09456  -0.07194 1564.6   299.3    0.78275  0.00000 
-0.04992 0.11200  721.1    1265.2   0.09536  -0.07264 1564.6   299.3    0.78382  0.00000 
-0.05052 0.11300  721.1    1265.2   0.09616  -0.07334 1564.6   299.3    0.78490  0.00000 
-0.05112 0.11400  721.1    1265.2   0.09696  -0.07404 1564.6   299.3    0.78598  0.00000 
-0.05173 0.11500  721.1    1265.2   0.09776  -0.07474 1564.6   299.3    0.78705  0.00000 
-0.05233 0.11600  721.1    1265.2   0.09856  -0.07544 1564.6   299.3    0.78813  0.00000 
-0.05293 0.11700  721.1    1265.2   0.09936  -0.07614 1564.6   299.3    0.78921  0.00000 
-0.05354 0.11800  721.1    1265.2   0.10015  -0.07685 1564.6   299.3    0.79029  0.00000 
-0.05414 0.11900  721.1    1265.2   0.10095  -0.07755 1564.6   299.3    0.79137  0.00000 
-0.05474 0.12000  721.1    1265.2   0.10175  -0.07825 1564.6   299.3    0.79245  0.00000 
-0.05534 0.12100  721.1    1265.2   0.10255  -0.07895 1564.6   299.3    0.79353  0.00000 
-0.05595 0.12200  721.1    1265.2   0.10335  -0.07965 1564.6   299.3    0.79461  0.00000 
-0.05655 0.12300  721.1    1265.2   0.10415  -0.08035 1564.6   299.3    0.79569  0.00000 
-0.05715 0.12400  721.1    1265.2   0.10495  -0.08105 1564.6   299.3    0.79678  0.00000 
-0.05776 0.12500  721.1    1265.2   0.10575  -0.08175 1564.6   299.3    0.79786  0.00000 
-0.05836 0.12600  721.1    1265.2   0.10655  -0.08245 1564.6   299.3    0.79894  0.00000 
-0.05896 0.12700  721.1    1265.2   0.10735  -0.08315 1564.6   299.3    0.80003  0.00000 
-0.05957 0.12800  721.1    1265.2   0.10814  -0.08386 1564.6   299.3    0.80111  0.00000 
-0.06017 0.12900  721.1    1265.2   0.10894  -0.08456 1564.6   299.3    0.80220  0.00000 
-0.06077 0.13000  721.1    1265.2   0.10974  -0.08526 1564.6   299.3    0.80329  0.00000 
-0.06137 0.13100  721.1    1265.2   0.11054  -0.08596 1564.6   299.3    0.80437  0.00000 
-0.06198 0.13200  721.1    1265.2   0.11134  -0.08666 1564.6   299.3    0.80546  0.00000 
-0.06258 0.13300  721.1    1265.2   0.11214  -0.08736 1564.6   299.3    0.80655  0.00000 
-0.06318 0.13400  721.1    1265.2   0.11294  -0.08806 1564.6   299.3    0.80764  0.00000 
-0.06379 0.13500  721.1    1265.2   0.11374  -0.08876 1564.6   299.3    0.80873  0.00000 
-0.06439 0.13600  721.1    1265.2   0.11454  -0.08946 1564.6   299.3    0.80982  0.00000 
-0.06499 0.13700  721.1    1265.2   0.11534  -0.09016 1564.6   299.3    0.81091  0.00000 
-0.06560 0.13800  721.1    1265.2   0.11613  -0.09087 1564.6   299.3    0.81200  0.00000 
-0.06620 0.13900  721.1    1265.2   0.11693  -0.09157 1564.6   299.3    0.81310  0.00000 
-0.06680 0.14000  721.1    1265.2   0.11773  -0.09227 1564.6   299.3    0.81419  0.00000 
-0.06740 0.14100  721.1    1265.2   0.11853  -0.09297 1564.6   299.3    0.81528  0.00000 
-0.06801 0.14200  721.1    1265.2   0.11933  -0.09367 1564.6   299.3    0.81638  0.00000 
-0.06861 0.14300  721.1    1265.2   0.12013  -0.09437 1564.6   299.3    0.81747  0.00000 
-0.06921 0.14400  721.1    1265.2   0.12093  -0.09507 1564.6   299.3    0.81857  0.00000 
-0.06982 0.14500  721.1    1265.2   0.12173  -0.09577 1564.6   299.3    0.81966  0.00000 
-0.07042 0.14600  721.1    1265.2   0.12253  -0.09647 1564.6   299.3    0.82076  0.00000 
-0.07102 0.14700  721.1    1265.2   0.12333  -0.09717 1564.6   299.3    0.82186  0.00000 
-0.07163 0.14800  721.1    1265.2   0.12412  -0.09788 1564.6   299.3    0.82296  0.00000 
-0.07223 0.14900  721.1    1265.2   0.12492  -0.09858 1564.6   299.3    0.82406  0.00000 
-0.07283 0.15000  721.1    1265.2   0.12572  -0.09928 1564.6   299.3    0.82516  0.00000 
-0.07343 0.15100  721.1    1265.2   0.12652  -0.09998 1564.6   299.3    0.82626  0.00000 
-0.07404 0.15200  721.1    1265.2   0.12732  -0.10068 1564.6   299.3    0.82736  0.00000 
-0.07464 0.15300  721.1    1265.2   0.12812  -0.10138 1564.6   299.3    0.82846  0.00000 
-0.07524 0.15400  721.1    1265.2   0.12892  -0.10208 1564.6   299.3    0.82956  0.00000 
-0.07585 0.15500  721.1    1265.2   0.12972  -0.10278 1564.6   299.3    0.83067  0.00000 
-0.07645 0.15600  721.1    1265.2   0.13052  -0.10348 1564.6   299.3    0.83177  0.00000 
-0.07705 0.15700  721.1    1265.2   0.13132  -0.10418 1564.6   299.3    0.83288  0.00000 
-0.07766 0.15800  721.1    1265.2   0.13211  -0.10489 1564.6   299.3    0.83398  0.00000 
-0.07826 0.15900  721.1    1265.2   0.13291  -0.10559 1564.6   299.3    0.83509  0.00000 
-0.07886 0.16000  721.1    1265.2   0.13371  -0.10629 1564.6   299.3    0.83619  0.00000 
-0.07946 0.16100  721.1    1265.2   0.13451  -0.10699 1564.6   299.3    0.83730  0.00000 
-0.08007 0.16200  721.1    1265.2   0.13531  -0.10769 1564.6   299.3    0.83841  0.00000 
-0.08067 0.16300  721.1    1265.2   0.13611  -0.10839 1564.6   299.3    0.83952  0.00000 
-0.08127 0.16400  721.1    1265.2   0.13691  -0.10909 1564.6   299.3    0.84063  0.00000 
-0.08188 0.16500  721.1    1265.2   0.13771  -0.10979 1564.6   299.3    0.84174  0.00000 
-0.08248 0.16600  721.1    1265.2   0.13851  -0.11049 1564.6   299.3    0.84285  0.00000 
-0.08308 0.16700  721.1    1265.2   0.13931  -0.11119 1564.6   299.3    0.84396  0.00000 
-0.08368 0.16800  721.1    1265.2   0.14011  -0.11189 1564.6   299.3    0.84507  0.00000 
-0.08429 0.16900  721.1    1265.2   0.14090  -0.11260 1564.6   299.3    0.84618  0.00000 
-0.08489 0.17000  721.1    1265.2   0.14170  -0.11330 1564.6   299.3    0.84729  0.00000 
-0.08549 0.17100  721.1    1265.2   0.14250  -0.11400 1564.6   299.3    0.84841  0.00000 
-0.08610 0.17200  721.1    1265.2   0.14330  -0.11470 1564.6   299.3    0.84952  0.00000 
-0.08670 0.17300  721.1    1265.2   0.14410  -0.11540 1564.6   299.3    0.85064  0.00000 
-0.08730 0.17400  721.1    1265.2   0.14490  -0.11610 1564.6   299.3    0.85175  0.00000 
-0.08791 0.17500  721.1    1265.2   0.14570  -0.11680 1564.6   299.3    0.85287  0.00000 
-0.08851 0.17600  721.1    1265.2   0.14650  -0.11750 1564.6   299.3    0.85399  0.00000 
-0.08911 0.17700  721.1    1265.2   0.14730  -0.11820 1564.6   299.3    0.85511  0.00000 
-0.08971 0.17800  721.1    1265.2   0.14810  -0.11890 1564.6   299.3    0.85622  0.00000 
-0.09032 0.17900  721.1    1265.2   0.14889  -0.11961 1564.6   299.3    0.85734  0.00000 
-0.09092 0.18000  721.1    1265.2   0.14969  -0.12031 1564.6   299.3    0.85846  0.00000 
-0.09152 0.18100  721.1    1265.2   0.15049  -0.12101 1564.6   299.3    0.85958  0.00000 
-0.09213 0.18200  721.1    1265.2   0.15129  -0.12171 1564.6   299.3    0.86071  0.00000 
-0.09273 0.18300  721.1    1265.2   0.15209  -0.12241 1564.6   299.3    0.86183  0.00000 
-0.09333 0.18400  721.1    1265.2   0.15289  -0.12311 1564.6   299.3    0.86295  0.00000 
-0.09394 0.18500  721.1    1265.2   0.15369  -0.12381 1564.6   299.3    0.86407  0.00000 
-0.09454 0.18600  721.1    1265.2   0.15449  -0.12451 1564.6   299.3    0.86520  0.00000 
-0.09514 0.18700  721.1    1265.2   0.15529  -0.12521 1564.6   299.3    0.86632  0.00000 
-0.09574 0.18800  721.1    1265.2   0.15609  -0.12591 1564.6   299.3    0.86745  0.00000 
-0.09635 0.18900  721.1    1265.2   0.15688  -0.12662 1564.6   299.3    0.86857  0.00000 
-0.09695 0.19000  721.1    1265.2   0.15768  -0.12732 1564.6   299.3    0.86970  0.00000 
-0.09755 0.19100  721.1    1265.2   0.15848  -0.12802 1564.6   299.3    0.87083  0.00000 
-0.09816 0.19200  721.1    1265.2   0.15928  -0.12872 1564.6   299.3    0.87196  0.00000 
-0.09876 0.19300  721.1    1265.2   0.16008  -0.12942 1564.6   299.3    0.87308  0.00000 
-0.09936 0.19400  721.1    1265.2   0.16088  -0.13012 1564.6   299.3    0.87421  0.00000 
-0.09997 0.19500  721.1    1265.2   0.16168  -0.13082 1564.6   299.3    0.87534  0.00000 
-0.10057 0.19600  721.1    1265.2   0.16248  -0.13152 1564.6   299.3    0.87648  0.00000 
-0.10117 0.19700  721.1    1265.2   0.16328  -0.13222 1564.6   299.3    0.87761  0.00000 
-0.10177 0.19800  721.1    1265.2   0.16408  -0.13292 1564.6   299.3    0.87874  0.00000 
-0.10238 0.19900  721.1    1265.2   0.16487  -0.13363 1564.6   299.3    0.87987  0.00000 
-0.10298 0.20000  721.1    1265.2   0.16567  -0.13433 1564.6   299.3    0.88101  0.00000 
