eps_p    eps_q    p        q        eps_1    eps_2    sigma_1  sigma_2  epor     stateVar2
0.00000  0.00000  100.0    0.6      0.00000  0.00000  100.4    99.8     0.82800  0.00000 
0.00000  0.00100  100.0    29.6     0.00100  -0.00050 119.7    90.1     0.82800  0.00000 
0.00000  0.00200  100.0    58.6     0.00200  -0.00100 139.1    80.5     0.82800  0.00000 
0.00000  0.00300  100.0    87.7     0.00300  -0.00150 158.4    70.8     0.82800  0.00000 
0.00000  0.00400  100.0    116.7    0.00400  -0.00200 177.8    61.1     0.82800  0.00000 
0.00000  0.00500  100.0    145.7    0.00500  -0.00250 197.2    51.4     0.82800  0.00000 
0.00000  0.00600  108.7    158.0    0.00600  -0.00300 214.0    56.0     0.82800  0.00000 
0.00000  0.00700  117.3    170.3    0.00700  -0.00350 230.9    60.6     0.82800  0.00000 
0.00000  0.00800  126.0    182.6    0.00800  -0.00400 247.7    65.1     0.82800  0.00000 
0.00000  0.00900  134.7    194.9    0.00900  -0.00450 264.6    69.7     0.82800  0.00000 
0.00000  0.01000  143.3    207.2    0.01000  -0.00500 281.5    74.3     0.82800  0.00000 
0.00000  0.01100  152.0    219.5    0.01100  -0.00550 298.3    78.8     0.82800  0.00000 
0.00000  0.01200  160.7    231.8    0.01200  -0.00600 315.2    83.4     0.82800  0.00000 
0.00000  0.01300  169.3    244.1    0.01300  -0.00650 332.0    88.0     0.82800  0.00000 
0.00000  0.01400  178.0    256.4    0.01400  -0.00700 348.9    92.5     0.82800  0.00000 
0.00000  0.01500  186.7    268.6    0.01500  -0.00750 365.8    97.1     0.82800  0.00000 
0.00000  0.01600  195.3    280.9    0.01600  -0.00800 382.6    101.7    0.82800  0.00000 
0.00000  0.01700  204.0    293.2    0.01700  -0.00850 399.5    106.2    0.82800  0.00000 
0.00000  0.01800  212.7    305.5    0.01800  -0.00900 416.3    110.8    0.82800  0.00000 
0.00000  0.01900  221.3    317.8    0.01900  -0.00950 433.2    115.4    0.82800  0.00000 
0.00000  0.02000  230.0    330.1    0.02000  -0.01000 450.1    120.0    0.82800  0.00000 
0.00000  0.02100  238.7    342.4    0.02100  -0.01050 466.9    124.5    0.82800  0.00000 
0.00000  0.02200  247.3    354.7    0.02200  -0.01100 483.8    129.1    0.82800  0.00000 
0.00000  0.02300  256.0    367.0    0.02300  -0.01150 500.6    133.7    0.82800  0.00000 
0.00000  0.02400  264.7    379.3    0.02400  -0.01200 517.5    138.2    0.82800  0.00000 
0.00000  0.02500  273.3    391.6    0.02500  -0.01250 534.4    142.8    0.82800  0.00000 
0.00000  0.02600  282.0    403.8    0.02600  -0.01300 551.2    147.4    0.82800  0.00000 
0.00000  0.02700  290.6    416.1    0.02700  -0.01350 568.1    151.9    0.82800  0.00000 
0.00000  0.02800  299.3    428.4    0.02800  -0.01400 584.9    156.5    0.82800  0.00000 
0.00000  0.02900  308.0    440.7    0.02900  -0.01450 601.8    161.1    0.82800  0.00000 
0.00000  0.03000  316.6    453.0    0.03000  -0.01500 618.6    165.6    0.82800  0.00000 
0.00000  0.03100  325.3    465.3    0.03100  -0.01550 635.5    170.2    0.82800  0.00000 
0.00000  0.03200  334.0    477.6    0.03200  -0.01600 652.4    174.8    0.82800  0.00000 
0.00000  0.03300  342.6    489.9    0.03300  -0.01650 669.2    179.3    0.82800  0.00000 
0.00000  0.03400  351.3    502.2    0.03400  -0.01700 686.1    183.9    0.82800  0.00000 
0.00000  0.03500  360.0    514.5    0.03500  -0.01750 702.9    188.5    0.82800  0.00000 
0.00000  0.03600  368.6    526.8    0.03600  -0.01800 719.8    193.1    0.82800  0.00000 
0.00000  0.03700  377.3    539.0    0.03700  -0.01850 736.7    197.6    0.82800  0.00000 
0.00000  0.03800  386.0    551.3    0.03800  -0.01900 753.5    202.2    0.82800  0.00000 
0.00000  0.03900  394.6    563.6    0.03900  -0.01950 770.4    206.8    0.82800  0.00000 
0.00000  0.04000  403.3    575.9    0.04000  -0.02000 787.2    211.3    0.82800  0.00000 
0.00000  0.04100  412.0    588.2    0.04100  -0.02050 804.1    215.9    0.82800  0.00000 
0.00000  0.04200  420.6    600.5    0.04200  -0.02100 821.0    220.5    0.82800  0.00000 
0.00000  0.04300  429.3    612.8    0.04300  -0.02150 837.8    225.0    0.82800  0.00000 
0.00000  0.04400  438.0    625.1    0.04400  -0.02200 854.7    229.6    0.82800  0.00000 
0.00000  0.04500  446.6    637.4    0.04500  -0.02250 871.5    234.2    0.82800  0.00000 
0.00000  0.04600  455.3    649.7    0.04600  -0.02300 888.4    238.7    0.82800  0.00000 
0.00000  0.04700  464.0    662.0    0.04700  -0.02350 905.3    243.3    0.82800  0.00000 
0.00000  0.04800  472.6    674.2    0.04800  -0.02400 922.1    247.9    0.82800  0.00000 
0.00000  0.04900  481.3    686.5    0.04900  -0.02450 939.0    252.5    0.82800  0.00000 
0.00000  0.05000  490.0    698.8    0.05000  -0.02500 955.8    257.0    0.82800  0.00000 
0.00000  0.05100  498.6    711.1    0.05100  -0.02550 972.7    261.6    0.82800  0.00000 
0.00000  0.05200  507.3    723.4    0.05200  -0.02600 989.6    266.2    0.82800  0.00000 
0.00000  0.05300  516.0    735.7    0.05300  -0.02650 1006.4   270.7    0.82800  0.00000 
0.00000  0.05400  524.6    748.0    0.05400  -0.02700 1023.3   275.3    0.82800  0.00000 
0.00000  0.05500  533.3    760.3    0.05500  -0.02750 1040.1   279.9    0.82800  0.00000 
0.00000  0.05600  542.0    772.6    0.05600  -0.02800 1057.0   284.4    0.82800  0.00000 
0.00000  0.05700  550.6    784.9    0.05700  -0.02850 1073.9   289.0    0.82800  0.00000 
0.00000  0.05800  559.3    797.2    0.05800  -0.02900 1090.7   293.6    0.82800  0.00000 
0.00000  0.05900  568.0    809.4    0.05900  -0.02950 1107.6   298.1    0.82800  0.00000 
0.00000  0.06000  576.6    821.7    0.06000  -0.03000 1124.4   302.7    0.82800  0.00000 
