eps_p    eps_q    p        q        eps_1    eps_2    sigma_1  sigma_2  epor     stateVar2
0.00000  0.00000  300.0    1.2      0.00000  0.00000  300.8    299.6    0.97000  0.00000 
0.00093  0.00100  313.1    40.5     0.00131  -0.00019 340.1    299.6    0.96817  0.00000 
0.00185  0.00200  326.2    79.8     0.00262  -0.00038 379.4    299.6    0.96635  0.00000 
0.00278  0.00300  339.3    119.1    0.00393  -0.00057 418.7    299.6    0.96453  0.00000 
0.00371  0.00400  352.4    158.4    0.00524  -0.00076 458.0    299.6    0.96271  0.00000 
0.00463  0.00500  365.5    197.7    0.00654  -0.00096 497.3    299.6    0.96089  0.00000 
0.00556  0.00600  378.6    237.0    0.00785  -0.00115 536.6    299.6    0.95907  0.00000 
0.00649  0.00700  391.7    276.3    0.00916  -0.00134 575.9    299.6    0.95726  0.00000 
0.00741  0.00800  404.8    315.6    0.01047  -0.00153 615.2    299.6    0.95544  0.00000 
0.00834  0.00900  417.9    354.9    0.01178  -0.00172 654.5    299.6    0.95363  0.00000 
0.00927  0.01000  431.0    394.2    0.01309  -0.00191 693.8    299.6    0.95182  0.00000 
0.01019  0.01100  444.1    433.5    0.01440  -0.00210 733.2    299.6    0.95001  0.00000 
0.01112  0.01200  457.2    472.8    0.01571  -0.00229 772.5    299.6    0.94820  0.00000 
0.01205  0.01300  470.3    512.2    0.01702  -0.00248 811.8    299.6    0.94640  0.00000 
0.01297  0.01400  483.4    551.5    0.01832  -0.00268 851.1    299.6    0.94459  0.00000 
0.01390  0.01500  496.5    590.8    0.01963  -0.00287 890.4    299.6    0.94279  0.00000 
0.01483  0.01600  509.6    630.1    0.02094  -0.00306 929.7    299.6    0.94099  0.00000 
0.01575  0.01700  522.7    669.4    0.02225  -0.00325 969.0    299.6    0.93919  0.00000 
0.01668  0.01800  535.8    708.7    0.02356  -0.00344 1008.3   299.6    0.93740  0.00000 
0.01761  0.01900  548.9    748.0    0.02487  -0.00363 1047.6   299.6    0.93560  0.00000 
0.01853  0.02000  562.0    787.3    0.02618  -0.00382 1086.9   299.6    0.93381  0.00000 
0.01857  0.02100  562.0    787.3    0.02719  -0.00431 1086.9   299.6    0.93375  0.00000 
0.01860  0.02200  562.0    787.3    0.02820  -0.00480 1086.9   299.6    0.93369  0.00000 
0.01863  0.02300  562.0    787.3    0.02921  -0.00529 1086.9   299.6    0.93363  0.00000 
0.01866  0.02400  562.0    787.3    0.03022  -0.00578 1086.9   299.6    0.93357  0.00000 
0.01869  0.02500  562.0    787.3    0.03123  -0.00627 1086.9   299.6    0.93351  0.00000 
0.01872  0.02600  562.0    787.3    0.03224  -0.00676 1086.9   299.6    0.93345  0.00000 
0.01875  0.02700  562.0    787.3    0.03325  -0.00725 1086.9   299.6    0.93338  0.00000 
0.01878  0.02800  562.0    787.3    0.03426  -0.00774 1086.9   299.6    0.93332  0.00000 
0.01882  0.02900  562.0    787.3    0.03527  -0.00823 1086.9   299.6    0.93326  0.00000 
0.01885  0.03000  562.0    787.3    0.03628  -0.00872 1086.9   299.6    0.93320  0.00000 
0.01888  0.03100  562.0    787.3    0.03729  -0.00921 1086.9   299.6    0.93314  0.00000 
0.01891  0.03200  562.0    787.3    0.03830  -0.00970 1086.9   299.6    0.93308  0.00000 
0.01894  0.03300  562.0    787.3    0.03931  -0.01019 1086.9   299.6    0.93302  0.00000 
0.01897  0.03400  562.0    787.3    0.04032  -0.01068 1086.9   299.6    0.93296  0.00000 
0.01900  0.03500  562.0    787.3    0.04133  -0.01117 1086.9   299.6    0.93290  0.00000 
0.01903  0.03600  562.0    787.3    0.04234  -0.01166 1086.9   299.6    0.93284  0.00000 
0.01907  0.03700  562.0    787.3    0.04336  -0.01214 1086.9   299.6    0.93278  0.00000 
0.01910  0.03800  562.0    787.3    0.04437  -0.01263 1086.9   299.6    0.93272  0.00000 
0.01913  0.03900  562.0    787.3    0.04538  -0.01312 1086.9   299.6    0.93266  0.00000 
0.01916  0.04000  562.0    787.3    0.04639  -0.01361 1086.9   299.6    0.93260  0.00000 
0.01919  0.04100  562.0    787.3    0.04740  -0.01410 1086.9   299.6    0.93254  0.00000 
0.01922  0.04200  562.0    787.3    0.04841  -0.01459 1086.9   299.6    0.93248  0.00000 
0.01925  0.04300  562.0    787.3    0.04942  -0.01508 1086.9   299.6    0.93242  0.00000 
0.01928  0.04400  562.0    787.3    0.05043  -0.01557 1086.9   299.6    0.93236  0.00000 
0.01932  0.04500  562.0    787.3    0.05144  -0.01606 1086.9   299.6    0.93230  0.00000 
0.01935  0.04600  562.0    787.3    0.05245  -0.01655 1086.9   299.6    0.93224  0.00000 
0.01938  0.04700  562.0    787.3    0.05346  -0.01704 1086.9   299.6    0.93218  0.00000 
0.01941  0.04800  562.0    787.3    0.05447  -0.01753 1086.9   299.6    0.93212  0.00000 
0.01944  0.04900  562.0    787.3    0.05548  -0.01802 1086.9   299.6    0.93206  0.00000 
0.01947  0.05000  562.0    787.3    0.05649  -0.01851 1086.9   299.6    0.93200  0.00000 
0.01950  0.05100  562.0    787.3    0.05750  -0.01900 1086.9   299.6    0.93194  0.00000 
0.01953  0.05200  562.0    787.3    0.05851  -0.01949 1086.9   299.6    0.93187  0.00000 
0.01957  0.05300  562.0    787.3    0.05952  -0.01998 1086.9   299.6    0.93181  0.00000 
0.01960  0.05400  562.0    787.3    0.06053  -0.02047 1086.9   299.6    0.93175  0.00000 
0.01963  0.05500  562.0    787.3    0.06154  -0.02096 1086.9   299.6    0.93169  0.00000 
0.01966  0.05600  562.0    787.3    0.06255  -0.02145 1086.9   299.6    0.93163  0.00000 
0.01969  0.05700  562.0    787.3    0.06356  -0.02194 1086.9   299.6    0.93157  0.00000 
0.01972  0.05800  562.0    787.3    0.06457  -0.02243 1086.9   299.6    0.93151  0.00000 
0.01975  0.05900  562.0    787.3    0.06558  -0.02292 1086.9   299.6    0.93145  0.00000 
0.01978  0.06000  562.0    787.3    0.06659  -0.02341 1086.9   299.6    0.93139  0.00000 
0.01982  0.06100  562.0    787.3    0.06761  -0.02389 1086.9   299.6    0.93133  0.00000 
0.01985  0.06200  562.0    787.3    0.06862  -0.02438 1086.9   299.6    0.93127  0.00000 
0.01988  0.06300  562.0    787.3    0.06963  -0.02487 1086.9   299.6    0.93121  0.00000 
0.01991  0.06400  562.0    787.3    0.07064  -0.02536 1086.9   299.6    0.93115  0.00000 
0.01994  0.06500  562.0    787.3    0.07165  -0.02585 1086.9   299.6    0.93109  0.00000 
0.01997  0.06600  562.0    787.3    0.07266  -0.02634 1086.9   299.6    0.93103  0.00000 
0.02000  0.06700  562.0    787.3    0.07367  -0.02683 1086.9   299.6    0.93097  0.00000 
0.02003  0.06800  562.0    787.3    0.07468  -0.02732 1086.9   299.6    0.93091  0.00000 
0.02007  0.06900  562.0    787.3    0.07569  -0.02781 1086.9   299.6    0.93085  0.00000 
0.02010  0.07000  562.0    787.3    0.07670  -0.02830 1086.9   299.6    0.93079  0.00000 
0.02013  0.07100  562.0    787.3    0.07771  -0.02879 1086.9   299.6    0.93073  0.00000 
0.02016  0.07200  562.0    787.3    0.07872  -0.02928 1086.9   299.6    0.93067  0.00000 
0.02019  0.07300  562.0    787.3    0.07973  -0.02977 1086.9   299.6    0.93061  0.00000 
0.02022  0.07400  562.0    787.3    0.08074  -0.03026 1086.9   299.6    0.93055  0.00000 
0.02025  0.07500  562.0    787.3    0.08175  -0.03075 1086.9   299.6    0.93049  0.00000 
0.02028  0.07600  562.0    787.3    0.08276  -0.03124 1086.9   299.6    0.93043  0.00000 
0.02032  0.07700  562.0    787.3    0.08377  -0.03173 1086.9   299.6    0.93037  0.00000 
0.02035  0.07800  562.0    787.3    0.08478  -0.03222 1086.9   299.6    0.93031  0.00000 
0.02038  0.07900  562.0    787.3    0.08579  -0.03271 1086.9   299.6    0.93025  0.00000 
0.02041  0.08000  562.0    787.3    0.08680  -0.03320 1086.9   299.6    0.93018  0.00000 
0.02044  0.08100  562.0    787.3    0.08781  -0.03369 1086.9   299.6    0.93012  0.00000 
0.02047  0.08200  562.0    787.3    0.08882  -0.03418 1086.9   299.6    0.93006  0.00000 
0.02050  0.08300  562.0    787.3    0.08983  -0.03467 1086.9   299.6    0.93000  0.00000 
0.02053  0.08400  562.0    787.3    0.09084  -0.03516 1086.9   299.6    0.92994  0.00000 
0.02057  0.08500  562.0    787.3    0.09186  -0.03564 1086.9   299.6    0.92988  0.00000 
0.02060  0.08600  562.0    787.3    0.09287  -0.03613 1086.9   299.6    0.92982  0.00000 
0.02063  0.08700  562.0    787.3    0.09388  -0.03662 1086.9   299.6    0.92976  0.00000 
0.02066  0.08800  562.0    787.3    0.09489  -0.03711 1086.9   299.6    0.92970  0.00000 
0.02069  0.08900  562.0    787.3    0.09590  -0.03760 1086.9   299.6    0.92964  0.00000 
0.02072  0.09000  562.0    787.3    0.09691  -0.03809 1086.9   299.6    0.92958  0.00000 
0.02075  0.09100  562.0    787.3    0.09792  -0.03858 1086.9   299.6    0.92952  0.00000 
0.02078  0.09200  562.0    787.3    0.09893  -0.03907 1086.9   299.6    0.92946  0.00000 
0.02082  0.09300  562.0    787.3    0.09994  -0.03956 1086.9   299.6    0.92940  0.00000 
0.02085  0.09400  562.0    787.3    0.10095  -0.04005 1086.9   299.6    0.92934  0.00000 
0.02088  0.09500  562.0    787.3    0.10196  -0.04054 1086.9   299.6    0.92928  0.00000 
0.02091  0.09600  562.0    787.3    0.10297  -0.04103 1086.9   299.6    0.92922  0.00000 
0.02094  0.09700  562.0    787.3    0.10398  -0.04152 1086.9   299.6    0.92916  0.00000 
0.02097  0.09800  562.0    787.3    0.10499  -0.04201 1086.9   299.6    0.92910  0.00000 
0.02100  0.09900  562.0    787.3    0.10600  -0.04250 1086.9   299.6    0.92904  0.00000 
0.02103  0.10000  562.0    787.3    0.10701  -0.04299 1086.9   299.6    0.92898  0.00000 
0.02107  0.10100  562.0    787.3    0.10802  -0.04348 1086.9   299.6    0.92892  0.00000 
0.02110  0.10200  562.0    787.3    0.10903  -0.04397 1086.9   299.6    0.92886  0.00000 
0.02113  0.10300  562.0    787.3    0.11004  -0.04446 1086.9   299.6    0.92880  0.00000 
0.02116  0.10400  562.0    787.3    0.11105  -0.04495 1086.9   299.6    0.92874  0.00000 
0.02119  0.10500  562.0    787.3    0.11206  -0.04544 1086.9   299.6    0.92868  0.00000 
0.02122  0.10600  562.0    787.3    0.11307  -0.04593 1086.9   299.6    0.92862  0.00000 
0.02125  0.10700  562.0    787.3    0.11408  -0.04642 1086.9   299.6    0.92856  0.00000 
0.02128  0.10800  562.0    787.3    0.11509  -0.04691 1086.9   299.6    0.92850  0.00000 
0.02132  0.10900  562.0    787.3    0.11611  -0.04739 1086.9   299.6    0.92844  0.00000 
0.02135  0.11000  562.0    787.3    0.11712  -0.04788 1086.9   299.6    0.92838  0.00000 
0.02138  0.11100  562.0    787.3    0.11813  -0.04837 1086.9   299.6    0.92832  0.00000 
0.02141  0.11200  562.0    787.3    0.11914  -0.04886 1086.9   299.6    0.92826  0.00000 
0.02144  0.11300  562.0    787.3    0.12015  -0.04935 1086.9   299.6    0.92820  0.00000 
0.02147  0.11400  562.0    787.3    0.12116  -0.04984 1086.9   299.6    0.92814  0.00000 
0.02150  0.11500  562.0    787.3    0.12217  -0.05033 1086.9   299.6    0.92807  0.00000 
0.02153  0.11600  562.0    787.3    0.12318  -0.05082 1086.9   299.6    0.92801  0.00000 
0.02157  0.11700  562.0    787.3    0.12419  -0.05131 1086.9   299.6    0.92795  0.00000 
0.02160  0.11800  562.0    787.3    0.12520  -0.05180 1086.9   299.6    0.92789  0.00000 
0.02163  0.11900  562.0    787.3    0.12621  -0.05229 1086.9   299.6    0.92783  0.00000 
0.02166  0.12000  562.0    787.3    0.12722  -0.05278 1086.9   299.6    0.92777  0.00000 
0.02169  0.12100  562.0    787.3    0.12823  -0.05327 1086.9   299.6    0.92771  0.00000 
0.02172  0.12200  562.0    787.3    0.12924  -0.05376 1086.9   299.6    0.92765  0.00000 
0.02175  0.12300  562.0    787.3    0.13025  -0.05425 1086.9   299.6    0.92759  0.00000 
0.02178  0.12400  562.0    787.3    0.13126  -0.05474 1086.9   299.6    0.92753  0.00000 
0.02182  0.12500  562.0    787.3    0.13227  -0.05523 1086.9   299.6    0.92747  0.00000 
0.02185  0.12600  562.0    787.3    0.13328  -0.05572 1086.9   299.6    0.92741  0.00000 
0.02188  0.12700  562.0    787.3    0.13429  -0.05621 1086.9   299.6    0.92735  0.00000 
0.02191  0.12800  562.0    787.3    0.13530  -0.05670 1086.9   299.6    0.92729  0.00000 
0.02194  0.12900  562.0    787.3    0.13631  -0.05719 1086.9   299.6    0.92723  0.00000 
0.02197  0.13000  562.0    787.3    0.13732  -0.05768 1086.9   299.6    0.92717  0.00000 
0.02200  0.13100  562.0    787.3    0.13833  -0.05817 1086.9   299.6    0.92711  0.00000 
0.02203  0.13200  562.0    787.3    0.13934  -0.05866 1086.9   299.6    0.92705  0.00000 
0.02207  0.13300  562.0    787.3    0.14036  -0.05914 1086.9   299.6    0.92699  0.00000 
0.02210  0.13400  562.0    787.3    0.14137  -0.05963 1086.9   299.6    0.92693  0.00000 
0.02213  0.13500  562.0    787.3    0.14238  -0.06012 1086.9   299.6    0.92687  0.00000 
0.02216  0.13600  562.0    787.3    0.14339  -0.06061 1086.9   299.6    0.92681  0.00000 
0.02219  0.13700  562.0    787.3    0.14440  -0.06110 1086.9   299.6    0.92675  0.00000 
0.02222  0.13800  562.0    787.3    0.14541  -0.06159 1086.9   299.6    0.92669  0.00000 
0.02225  0.13900  562.0    787.3    0.14642  -0.06208 1086.9   299.6    0.92663  0.00000 
0.02228  0.14000  562.0    787.3    0.14743  -0.06257 1086.9   299.6    0.92657  0.00000 
0.02232  0.14100  562.0    787.3    0.14844  -0.06306 1086.9   299.6    0.92651  0.00000 
0.02235  0.14200  562.0    787.3    0.14945  -0.06355 1086.9   299.6    0.92645  0.00000 
0.02238  0.14300  562.0    787.3    0.15046  -0.06404 1086.9   299.6    0.92639  0.00000 
0.02241  0.14400  562.0    787.3    0.15147  -0.06453 1086.9   299.6    0.92633  0.00000 
0.02244  0.14500  562.0    787.3    0.15248  -0.06502 1086.9   299.6    0.92627  0.00000 
0.02247  0.14600  562.0    787.3    0.15349  -0.06551 1086.9   299.6    0.92621  0.00000 
0.02250  0.14700  562.0    787.3    0.15450  -0.06600 1086.9   299.6    0.92615  0.00000 
0.02253  0.14800  562.0    787.3    0.15551  -0.06649 1086.9   299.6    0.92609  0.00000 
0.02257  0.14900  562.0    787.3    0.15652  -0.06698 1086.9   299.6    0.92603  0.00000 
0.02260  0.15000  562.0    787.3    0.15753  -0.06747 1086.9   299.6    0.92597  0.00000 
0.02263  0.15100  562.0    787.3    0.15854  -0.06796 1086.9   299.6    0.92591  0.00000 
0.02266  0.15200  562.0    787.3    0.15955  -0.06845 1086.9   299.6    0.92585  0.00000 
0.02269  0.15300  562.0    787.3    0.16056  -0.06894 1086.9   299.6    0.92579  0.00000 
0.02272  0.15400  562.0    787.3    0.16157  -0.06943 1086.9   299.6    0.92573  0.00000 
0.02275  0.15500  562.0    787.3    0.16258  -0.06992 1086.9   299.6    0.92567  0.00000 
0.02278  0.15600  562.0    787.3    0.16359  -0.07041 1086.9   299.6    0.92561  0.00000 
0.02282  0.15700  562.0    787.3    0.16461  -0.07089 1086.9   299.6    0.92555  0.00000 
0.02285  0.15800  562.0    787.3    0.16562  -0.07138 1086.9   299.6    0.92549  0.00000 
0.02288  0.15900  562.0    787.3    0.16663  -0.07187 1086.9   299.6    0.92543  0.00000 
0.02291  0.16000  562.0    787.3    0.16764  -0.07236 1086.9   299.6    0.92537  0.00000 
0.02294  0.16100  562.0    787.3    0.16865  -0.07285 1086.9   299.6    0.92531  0.00000 
0.02297  0.16200  562.0    787.3    0.16966  -0.07334 1086.9   299.6    0.92524  0.00000 
0.02300  0.16300  562.0    787.3    0.17067  -0.07383 1086.9   299.6    0.92518  0.00000 
0.02303  0.16400  562.0    787.3    0.17168  -0.07432 1086.9   299.6    0.92512  0.00000 
0.02307  0.16500  562.0    787.3    0.17269  -0.07481 1086.9   299.6    0.92506  0.00000 
0.02310  0.16600  562.0    787.3    0.17370  -0.07530 1086.9   299.6    0.92500  0.00000 
0.02313  0.16700  562.0    787.3    0.17471  -0.07579 1086.9   299.6    0.92494  0.00000 
0.02316  0.16800  562.0    787.3    0.17572  -0.07628 1086.9   299.6    0.92488  0.00000 
0.02319  0.16900  562.0    787.3    0.17673  -0.07677 1086.9   299.6    0.92482  0.00000 
0.02322  0.17000  562.0    787.3    0.17774  -0.07726 1086.9   299.6    0.92476  0.00000 
0.02325  0.17100  562.0    787.3    0.17875  -0.07775 1086.9   299.6    0.92470  0.00000 
0.02328  0.17200  562.0    787.3    0.17976  -0.07824 1086.9   299.6    0.92464  0.00000 
0.02332  0.17300  562.0    787.3    0.18077  -0.07873 1086.9   299.6    0.92458  0.00000 
0.02335  0.17400  562.0    787.3    0.18178  -0.07922 1086.9   299.6    0.92452  0.00000 
0.02338  0.17500  562.0    787.3    0.18279  -0.07971 1086.9   299.6    0.92446  0.00000 
0.02341  0.17600  562.0    787.3    0.18380  -0.08020 1086.9   299.6    0.92440  0.00000 
0.02344  0.17700  562.0    787.3    0.18481  -0.08069 1086.9   299.6    0.92434  0.00000 
0.02347  0.17800  562.0    787.3    0.18582  -0.08118 1086.9   299.6    0.92428  0.00000 
0.02350  0.17900  562.0    787.3    0.18683  -0.08167 1086.9   299.6    0.92422  0.00000 
0.02353  0.18000  562.0    787.3    0.18784  -0.08216 1086.9   299.6    0.92416  0.00000 
0.02357  0.18100  562.0    787.3    0.18886  -0.08264 1086.9   299.6    0.92410  0.00000 
0.02360  0.18200  562.0    787.3    0.18987  -0.08313 1086.9   299.6    0.92404  0.00000 
0.02363  0.18300  562.0    787.3    0.19088  -0.08362 1086.9   299.6    0.92398  0.00000 
0.02366  0.18400  562.0    787.3    0.19189  -0.08411 1086.9   299.6    0.92392  0.00000 
0.02369  0.18500  562.0    787.3    0.19290  -0.08460 1086.9   299.6    0.92386  0.00000 
0.02372  0.18600  562.0    787.3    0.19391  -0.08509 1086.9   299.6    0.92380  0.00000 
0.02375  0.18700  562.0    787.3    0.19492  -0.08558 1086.9   299.6    0.92374  0.00000 
0.02378  0.18800  562.0    787.3    0.19593  -0.08607 1086.9   299.6    0.92368  0.00000 
0.02382  0.18900  562.0    787.3    0.19694  -0.08656 1086.9   299.6    0.92362  0.00000 
0.02385  0.19000  562.0    787.3    0.19795  -0.08705 1086.9   299.6    0.92356  0.00000 
0.02388  0.19100  562.0    787.3    0.19896  -0.08754 1086.9   299.6    0.92350  0.00000 
0.02391  0.19200  562.0    787.3    0.19997  -0.08803 1086.9   299.6    0.92344  0.00000 
0.02394  0.19300  562.0    787.3    0.20098  -0.08852 1086.9   299.6    0.92338  0.00000 
0.02397  0.19400  562.0    787.3    0.20199  -0.08901 1086.9   299.6    0.92332  0.00000 
0.02400  0.19500  562.0    787.3    0.20300  -0.08950 1086.9   299.6    0.92326  0.00000 
0.02403  0.19600  562.0    787.3    0.20401  -0.08999 1086.9   299.6    0.92320  0.00000 
0.02407  0.19700  562.0    787.3    0.20502  -0.09048 1086.9   299.6    0.92314  0.00000 
0.02410  0.19800  562.0    787.3    0.20603  -0.09097 1086.9   299.6    0.92308  0.00000 
0.02413  0.19900  562.0    787.3    0.20704  -0.09146 1086.9   299.6    0.92302  0.00000 
0.02416  0.20000  562.0    787.3    0.20805  -0.09195 1086.9   299.6    0.92296  0.00000 
