eps_p    eps_q    p        q        eps_1    eps_2    sigma_1  sigma_2  epor     stateVar2
0.00000  0.00000  300.0    1.2      0.00000  0.00000  300.8    299.6    0.97000  0.00000 
0.00093  0.00100  313.1    40.5     0.00131  -0.00019 340.1    299.6    0.96817  0.00000 
0.00185  0.00200  326.2    79.8     0.00262  -0.00038 379.4    299.6    0.96635  0.00000 
0.00278  0.00300  339.3    119.1    0.00393  -0.00057 418.7    299.6    0.96453  0.00000 
0.00371  0.00400  352.4    158.4    0.00524  -0.00076 458.0    299.6    0.96271  0.00000 
0.00463  0.00500  365.5    197.7    0.00654  -0.00096 497.3    299.6    0.96089  0.00000 
0.00556  0.00600  378.6    237.0    0.00785  -0.00115 536.6    299.6    0.95907  0.00000 
0.00649  0.00700  391.7    276.3    0.00916  -0.00134 575.9    299.6    0.95726  0.00000 
0.00741  0.00800  404.8    315.6    0.01047  -0.00153 615.2    299.6    0.95544  0.00000 
0.00834  0.00900  417.9    354.9    0.01178  -0.00172 654.5    299.6    0.95363  0.00000 
0.00927  0.01000  431.0    394.2    0.01309  -0.00191 693.8    299.6    0.95182  0.00000 
0.01019  0.01100  444.1    433.5    0.01440  -0.00210 733.2    299.6    0.95001  0.00000 
0.01112  0.01200  457.2    472.8    0.01571  -0.00229 772.5    299.6    0.94820  0.00000 
0.01205  0.01300  470.3    512.2    0.01702  -0.00248 811.8    299.6    0.94640  0.00000 
0.01297  0.01400  483.4    551.5    0.01832  -0.00268 851.1    299.6    0.94459  0.00000 
0.01390  0.01500  496.5    590.8    0.01963  -0.00287 890.4    299.6    0.94279  0.00000 
0.01483  0.01600  509.6    630.1    0.02094  -0.00306 929.7    299.6    0.94099  0.00000 
0.01575  0.01700  522.7    669.4    0.02225  -0.00325 969.0    299.6    0.93919  0.00000 
0.01668  0.01800  535.8    708.7    0.02356  -0.00344 1008.3   299.6    0.93740  0.00000 
0.01671  0.01900  535.8    708.7    0.02457  -0.00393 1008.3   299.6    0.93734  0.00000 
0.01674  0.02000  535.8    708.7    0.02558  -0.00442 1008.3   299.6    0.93728  0.00000 
0.01677  0.02100  535.8    708.7    0.02659  -0.00491 1008.3   299.6    0.93722  0.00000 
0.01681  0.02200  535.8    708.7    0.02760  -0.00540 1008.3   299.6    0.93715  0.00000 
0.01684  0.02300  535.8    708.7    0.02861  -0.00589 1008.3   299.6    0.93709  0.00000 
0.01687  0.02400  535.8    708.7    0.02962  -0.00638 1008.3   299.6    0.93703  0.00000 
0.01690  0.02500  535.8    708.7    0.03063  -0.00687 1008.3   299.6    0.93697  0.00000 
0.01693  0.02600  535.8    708.7    0.03164  -0.00736 1008.3   299.6    0.93691  0.00000 
0.01696  0.02700  535.8    708.7    0.03265  -0.00785 1008.3   299.6    0.93685  0.00000 
0.01699  0.02800  535.8    708.7    0.03366  -0.00834 1008.3   299.6    0.93679  0.00000 
0.01702  0.02900  535.8    708.7    0.03467  -0.00883 1008.3   299.6    0.93673  0.00000 
0.01706  0.03000  535.8    708.7    0.03569  -0.00931 1008.3   299.6    0.93667  0.00000 
0.01709  0.03100  535.8    708.7    0.03670  -0.00980 1008.3   299.6    0.93661  0.00000 
0.01712  0.03200  535.8    708.7    0.03771  -0.01029 1008.3   299.6    0.93655  0.00000 
0.01715  0.03300  535.8    708.7    0.03872  -0.01078 1008.3   299.6    0.93649  0.00000 
0.01718  0.03400  535.8    708.7    0.03973  -0.01127 1008.3   299.6    0.93643  0.00000 
0.01721  0.03500  535.8    708.7    0.04074  -0.01176 1008.3   299.6    0.93637  0.00000 
0.01724  0.03600  535.8    708.7    0.04175  -0.01225 1008.3   299.6    0.93631  0.00000 
0.01727  0.03700  535.8    708.7    0.04276  -0.01274 1008.3   299.6    0.93625  0.00000 
0.01731  0.03800  535.8    708.7    0.04377  -0.01323 1008.3   299.6    0.93619  0.00000 
0.01734  0.03900  535.8    708.7    0.04478  -0.01372 1008.3   299.6    0.93613  0.00000 
0.01737  0.04000  535.8    708.7    0.04579  -0.01421 1008.3   299.6    0.93607  0.00000 
0.01740  0.04100  535.8    708.7    0.04680  -0.01470 1008.3   299.6    0.93600  0.00000 
0.01743  0.04200  535.8    708.7    0.04781  -0.01519 1008.3   299.6    0.93594  0.00000 
0.01746  0.04300  535.8    708.7    0.04882  -0.01568 1008.3   299.6    0.93588  0.00000 
0.01749  0.04400  535.8    708.7    0.04983  -0.01617 1008.3   299.6    0.93582  0.00000 
0.01752  0.04500  535.8    708.7    0.05084  -0.01666 1008.3   299.6    0.93576  0.00000 
0.01756  0.04600  535.8    708.7    0.05185  -0.01715 1008.3   299.6    0.93570  0.00000 
0.01759  0.04700  535.8    708.7    0.05286  -0.01764 1008.3   299.6    0.93564  0.00000 
0.01762  0.04800  535.8    708.7    0.05387  -0.01813 1008.3   299.6    0.93558  0.00000 
0.01765  0.04900  535.8    708.7    0.05488  -0.01862 1008.3   299.6    0.93552  0.00000 
0.01768  0.05000  535.8    708.7    0.05589  -0.01911 1008.3   299.6    0.93546  0.00000 
0.01771  0.05100  535.8    708.7    0.05690  -0.01960 1008.3   299.6    0.93540  0.00000 
0.01774  0.05200  535.8    708.7    0.05791  -0.02009 1008.3   299.6    0.93534  0.00000 
0.01777  0.05300  535.8    708.7    0.05892  -0.02058 1008.3   299.6    0.93528  0.00000 
0.01781  0.05400  535.8    708.7    0.05994  -0.02106 1008.3   299.6    0.93522  0.00000 
0.01784  0.05500  535.8    708.7    0.06095  -0.02155 1008.3   299.6    0.93516  0.00000 
0.01787  0.05600  535.8    708.7    0.06196  -0.02204 1008.3   299.6    0.93510  0.00000 
0.01790  0.05700  535.8    708.7    0.06297  -0.02253 1008.3   299.6    0.93504  0.00000 
0.01793  0.05800  535.8    708.7    0.06398  -0.02302 1008.3   299.6    0.93498  0.00000 
0.01796  0.05900  535.8    708.7    0.06499  -0.02351 1008.3   299.6    0.93492  0.00000 
0.01799  0.06000  535.8    708.7    0.06600  -0.02400 1008.3   299.6    0.93486  0.00000 
0.01802  0.06100  535.8    708.7    0.06701  -0.02449 1008.3   299.6    0.93479  0.00000 
0.01806  0.06200  535.8    708.7    0.06802  -0.02498 1008.3   299.6    0.93473  0.00000 
0.01809  0.06300  535.8    708.7    0.06903  -0.02547 1008.3   299.6    0.93467  0.00000 
0.01812  0.06400  535.8    708.7    0.07004  -0.02596 1008.3   299.6    0.93461  0.00000 
0.01815  0.06500  535.8    708.7    0.07105  -0.02645 1008.3   299.6    0.93455  0.00000 
0.01818  0.06600  535.8    708.7    0.07206  -0.02694 1008.3   299.6    0.93449  0.00000 
0.01821  0.06700  535.8    708.7    0.07307  -0.02743 1008.3   299.6    0.93443  0.00000 
0.01824  0.06800  535.8    708.7    0.07408  -0.02792 1008.3   299.6    0.93437  0.00000 
0.01827  0.06900  535.8    708.7    0.07509  -0.02841 1008.3   299.6    0.93431  0.00000 
0.01831  0.07000  535.8    708.7    0.07610  -0.02890 1008.3   299.6    0.93425  0.00000 
0.01834  0.07100  535.8    708.7    0.07711  -0.02939 1008.3   299.6    0.93419  0.00000 
0.01837  0.07200  535.8    708.7    0.07812  -0.02988 1008.3   299.6    0.93413  0.00000 
0.01840  0.07300  535.8    708.7    0.07913  -0.03037 1008.3   299.6    0.93407  0.00000 
0.01843  0.07400  535.8    708.7    0.08014  -0.03086 1008.3   299.6    0.93401  0.00000 
0.01846  0.07500  535.8    708.7    0.08115  -0.03135 1008.3   299.6    0.93395  0.00000 
0.01849  0.07600  535.8    708.7    0.08216  -0.03184 1008.3   299.6    0.93389  0.00000 
0.01852  0.07700  535.8    708.7    0.08317  -0.03233 1008.3   299.6    0.93383  0.00000 
0.01856  0.07800  535.8    708.7    0.08419  -0.03281 1008.3   299.6    0.93377  0.00000 
0.01859  0.07900  535.8    708.7    0.08520  -0.03330 1008.3   299.6    0.93371  0.00000 
0.01862  0.08000  535.8    708.7    0.08621  -0.03379 1008.3   299.6    0.93365  0.00000 
0.01865  0.08100  535.8    708.7    0.08722  -0.03428 1008.3   299.6    0.93359  0.00000 
0.01868  0.08200  535.8    708.7    0.08823  -0.03477 1008.3   299.6    0.93353  0.00000 
0.01871  0.08300  535.8    708.7    0.08924  -0.03526 1008.3   299.6    0.93347  0.00000 
0.01874  0.08400  535.8    708.7    0.09025  -0.03575 1008.3   299.6    0.93340  0.00000 
0.01877  0.08500  535.8    708.7    0.09126  -0.03624 1008.3   299.6    0.93334  0.00000 
0.01881  0.08600  535.8    708.7    0.09227  -0.03673 1008.3   299.6    0.93328  0.00000 
0.01884  0.08700  535.8    708.7    0.09328  -0.03722 1008.3   299.6    0.93322  0.00000 
0.01887  0.08800  535.8    708.7    0.09429  -0.03771 1008.3   299.6    0.93316  0.00000 
0.01890  0.08900  535.8    708.7    0.09530  -0.03820 1008.3   299.6    0.93310  0.00000 
0.01893  0.09000  535.8    708.7    0.09631  -0.03869 1008.3   299.6    0.93304  0.00000 
0.01896  0.09100  535.8    708.7    0.09732  -0.03918 1008.3   299.6    0.93298  0.00000 
0.01899  0.09200  535.8    708.7    0.09833  -0.03967 1008.3   299.6    0.93292  0.00000 
0.01902  0.09300  535.8    708.7    0.09934  -0.04016 1008.3   299.6    0.93286  0.00000 
0.01906  0.09400  535.8    708.7    0.10035  -0.04065 1008.3   299.6    0.93280  0.00000 
0.01909  0.09500  535.8    708.7    0.10136  -0.04114 1008.3   299.6    0.93274  0.00000 
0.01912  0.09600  535.8    708.7    0.10237  -0.04163 1008.3   299.6    0.93268  0.00000 
0.01915  0.09700  535.8    708.7    0.10338  -0.04212 1008.3   299.6    0.93262  0.00000 
0.01918  0.09800  535.8    708.7    0.10439  -0.04261 1008.3   299.6    0.93256  0.00000 
0.01921  0.09900  535.8    708.7    0.10540  -0.04310 1008.3   299.6    0.93250  0.00000 
0.01924  0.10000  535.8    708.7    0.10641  -0.04359 1008.3   299.6    0.93244  0.00000 
0.01927  0.10100  535.8    708.7    0.10742  -0.04408 1008.3   299.6    0.93238  0.00000 
0.01931  0.10200  535.8    708.7    0.10844  -0.04456 1008.3   299.6    0.93232  0.00000 
0.01934  0.10300  535.8    708.7    0.10945  -0.04505 1008.3   299.6    0.93226  0.00000 
0.01937  0.10400  535.8    708.7    0.11046  -0.04554 1008.3   299.6    0.93220  0.00000 
0.01940  0.10500  535.8    708.7    0.11147  -0.04603 1008.3   299.6    0.93214  0.00000 
0.01943  0.10600  535.8    708.7    0.11248  -0.04652 1008.3   299.6    0.93208  0.00000 
0.01946  0.10700  535.8    708.7    0.11349  -0.04701 1008.3   299.6    0.93202  0.00000 
0.01949  0.10800  535.8    708.7    0.11450  -0.04750 1008.3   299.6    0.93196  0.00000 
0.01952  0.10900  535.8    708.7    0.11551  -0.04799 1008.3   299.6    0.93189  0.00000 
0.01956  0.11000  535.8    708.7    0.11652  -0.04848 1008.3   299.6    0.93183  0.00000 
0.01959  0.11100  535.8    708.7    0.11753  -0.04897 1008.3   299.6    0.93177  0.00000 
0.01962  0.11200  535.8    708.7    0.11854  -0.04946 1008.3   299.6    0.93171  0.00000 
0.01965  0.11300  535.8    708.7    0.11955  -0.04995 1008.3   299.6    0.93165  0.00000 
0.01968  0.11400  535.8    708.7    0.12056  -0.05044 1008.3   299.6    0.93159  0.00000 
0.01971  0.11500  535.8    708.7    0.12157  -0.05093 1008.3   299.6    0.93153  0.00000 
0.01974  0.11600  535.8    708.7    0.12258  -0.05142 1008.3   299.6    0.93147  0.00000 
0.01977  0.11700  535.8    708.7    0.12359  -0.05191 1008.3   299.6    0.93141  0.00000 
0.01981  0.11800  535.8    708.7    0.12460  -0.05240 1008.3   299.6    0.93135  0.00000 
0.01984  0.11900  535.8    708.7    0.12561  -0.05289 1008.3   299.6    0.93129  0.00000 
0.01987  0.12000  535.8    708.7    0.12662  -0.05338 1008.3   299.6    0.93123  0.00000 
0.01990  0.12100  535.8    708.7    0.12763  -0.05387 1008.3   299.6    0.93117  0.00000 
0.01993  0.12200  535.8    708.7    0.12864  -0.05436 1008.3   299.6    0.93111  0.00000 
0.01996  0.12300  535.8    708.7    0.12965  -0.05485 1008.3   299.6    0.93105  0.00000 
0.01999  0.12400  535.8    708.7    0.13066  -0.05534 1008.3   299.6    0.93099  0.00000 
0.02002  0.12500  535.8    708.7    0.13167  -0.05583 1008.3   299.6    0.93093  0.00000 
0.02006  0.12600  535.8    708.7    0.13269  -0.05631 1008.3   299.6    0.93087  0.00000 
0.02009  0.12700  535.8    708.7    0.13370  -0.05680 1008.3   299.6    0.93081  0.00000 
0.02012  0.12800  535.8    708.7    0.13471  -0.05729 1008.3   299.6    0.93075  0.00000 
0.02015  0.12900  535.8    708.7    0.13572  -0.05778 1008.3   299.6    0.93069  0.00000 
0.02018  0.13000  535.8    708.7    0.13673  -0.05827 1008.3   299.6    0.93063  0.00000 
0.02021  0.13100  535.8    708.7    0.13774  -0.05876 1008.3   299.6    0.93057  0.00000 
0.02024  0.13200  535.8    708.7    0.13875  -0.05925 1008.3   299.6    0.93051  0.00000 
0.02027  0.13300  535.8    708.7    0.13976  -0.05974 1008.3   299.6    0.93045  0.00000 
0.02031  0.13400  535.8    708.7    0.14077  -0.06023 1008.3   299.6    0.93039  0.00000 
0.02034  0.13500  535.8    708.7    0.14178  -0.06072 1008.3   299.6    0.93033  0.00000 
0.02037  0.13600  535.8    708.7    0.14279  -0.06121 1008.3   299.6    0.93027  0.00000 
0.02040  0.13700  535.8    708.7    0.14380  -0.06170 1008.3   299.6    0.93021  0.00000 
0.02043  0.13800  535.8    708.7    0.14481  -0.06219 1008.3   299.6    0.93014  0.00000 
0.02046  0.13900  535.8    708.7    0.14582  -0.06268 1008.3   299.6    0.93008  0.00000 
0.02049  0.14000  535.8    708.7    0.14683  -0.06317 1008.3   299.6    0.93002  0.00000 
0.02052  0.14100  535.8    708.7    0.14784  -0.06366 1008.3   299.6    0.92996  0.00000 
0.02056  0.14200  535.8    708.7    0.14885  -0.06415 1008.3   299.6    0.92990  0.00000 
0.02059  0.14300  535.8    708.7    0.14986  -0.06464 1008.3   299.6    0.92984  0.00000 
0.02062  0.14400  535.8    708.7    0.15087  -0.06513 1008.3   299.6    0.92978  0.00000 
0.02065  0.14500  535.8    708.7    0.15188  -0.06562 1008.3   299.6    0.92972  0.00000 
0.02068  0.14600  535.8    708.7    0.15289  -0.06611 1008.3   299.6    0.92966  0.00000 
0.02071  0.14700  535.8    708.7    0.15390  -0.06660 1008.3   299.6    0.92960  0.00000 
0.02074  0.14800  535.8    708.7    0.15491  -0.06709 1008.3   299.6    0.92954  0.00000 
0.02077  0.14900  535.8    708.7    0.15592  -0.06758 1008.3   299.6    0.92948  0.00000 
0.02081  0.15000  535.8    708.7    0.15694  -0.06806 1008.3   299.6    0.92942  0.00000 
0.02084  0.15100  535.8    708.7    0.15795  -0.06855 1008.3   299.6    0.92936  0.00000 
0.02087  0.15200  535.8    708.7    0.15896  -0.06904 1008.3   299.6    0.92930  0.00000 
0.02090  0.15300  535.8    708.7    0.15997  -0.06953 1008.3   299.6    0.92924  0.00000 
0.02093  0.15400  535.8    708.7    0.16098  -0.07002 1008.3   299.6    0.92918  0.00000 
0.02096  0.15500  535.8    708.7    0.16199  -0.07051 1008.3   299.6    0.92912  0.00000 
0.02099  0.15600  535.8    708.7    0.16300  -0.07100 1008.3   299.6    0.92906  0.00000 
0.02102  0.15700  535.8    708.7    0.16401  -0.07149 1008.3   299.6    0.92900  0.00000 
0.02106  0.15800  535.8    708.7    0.16502  -0.07198 1008.3   299.6    0.92894  0.00000 
0.02109  0.15900  535.8    708.7    0.16603  -0.07247 1008.3   299.6    0.92888  0.00000 
0.02112  0.16000  535.8    708.7    0.16704  -0.07296 1008.3   299.6    0.92882  0.00000 
0.02115  0.16100  535.8    708.7    0.16805  -0.07345 1008.3   299.6    0.92876  0.00000 
0.02118  0.16200  535.8    708.7    0.16906  -0.07394 1008.3   299.6    0.92870  0.00000 
0.02121  0.16300  535.8    708.7    0.17007  -0.07443 1008.3   299.6    0.92864  0.00000 
0.02124  0.16400  535.8    708.7    0.17108  -0.07492 1008.3   299.6    0.92858  0.00000 
0.02127  0.16500  535.8    708.7    0.17209  -0.07541 1008.3   299.6    0.92852  0.00000 
0.02131  0.16600  535.8    708.7    0.17310  -0.07590 1008.3   299.6    0.92846  0.00000 
0.02134  0.16700  535.8    708.7    0.17411  -0.07639 1008.3   299.6    0.92840  0.00000 
0.02137  0.16800  535.8    708.7    0.17512  -0.07688 1008.3   299.6    0.92834  0.00000 
0.02140  0.16900  535.8    708.7    0.17613  -0.07737 1008.3   299.6    0.92828  0.00000 
0.02143  0.17000  535.8    708.7    0.17714  -0.07786 1008.3   299.6    0.92822  0.00000 
0.02146  0.17100  535.8    708.7    0.17815  -0.07835 1008.3   299.6    0.92816  0.00000 
0.02149  0.17200  535.8    708.7    0.17916  -0.07884 1008.3   299.6    0.92809  0.00000 
0.02152  0.17300  535.8    708.7    0.18017  -0.07933 1008.3   299.6    0.92803  0.00000 
0.02156  0.17400  535.8    708.7    0.18119  -0.07981 1008.3   299.6    0.92797  0.00000 
0.02159  0.17500  535.8    708.7    0.18220  -0.08030 1008.3   299.6    0.92791  0.00000 
0.02162  0.17600  535.8    708.7    0.18321  -0.08079 1008.3   299.6    0.92785  0.00000 
0.02165  0.17700  535.8    708.7    0.18422  -0.08128 1008.3   299.6    0.92779  0.00000 
0.02168  0.17800  535.8    708.7    0.18523  -0.08177 1008.3   299.6    0.92773  0.00000 
0.02171  0.17900  535.8    708.7    0.18624  -0.08226 1008.3   299.6    0.92767  0.00000 
0.02174  0.18000  535.8    708.7    0.18725  -0.08275 1008.3   299.6    0.92761  0.00000 
0.02177  0.18100  535.8    708.7    0.18826  -0.08324 1008.3   299.6    0.92755  0.00000 
0.02181  0.18200  535.8    708.7    0.18927  -0.08373 1008.3   299.6    0.92749  0.00000 
0.02184  0.18300  535.8    708.7    0.19028  -0.08422 1008.3   299.6    0.92743  0.00000 
0.02187  0.18400  535.8    708.7    0.19129  -0.08471 1008.3   299.6    0.92737  0.00000 
0.02190  0.18500  535.8    708.7    0.19230  -0.08520 1008.3   299.6    0.92731  0.00000 
0.02193  0.18600  535.8    708.7    0.19331  -0.08569 1008.3   299.6    0.92725  0.00000 
0.02196  0.18700  535.8    708.7    0.19432  -0.08618 1008.3   299.6    0.92719  0.00000 
0.02199  0.18800  535.8    708.7    0.19533  -0.08667 1008.3   299.6    0.92713  0.00000 
0.02202  0.18900  535.8    708.7    0.19634  -0.08716 1008.3   299.6    0.92707  0.00000 
0.02206  0.19000  535.8    708.7    0.19735  -0.08765 1008.3   299.6    0.92701  0.00000 
0.02209  0.19100  535.8    708.7    0.19836  -0.08814 1008.3   299.6    0.92695  0.00000 
0.02212  0.19200  535.8    708.7    0.19937  -0.08863 1008.3   299.6    0.92689  0.00000 
0.02215  0.19300  535.8    708.7    0.20038  -0.08912 1008.3   299.6    0.92683  0.00000 
0.02218  0.19400  535.8    708.7    0.20139  -0.08961 1008.3   299.6    0.92677  0.00000 
0.02221  0.19500  535.8    708.7    0.20240  -0.09010 1008.3   299.6    0.92671  0.00000 
0.02224  0.19600  535.8    708.7    0.20341  -0.09059 1008.3   299.6    0.92665  0.00000 
0.02227  0.19700  535.8    708.7    0.20442  -0.09108 1008.3   299.6    0.92659  0.00000 
0.02231  0.19800  535.8    708.7    0.20544  -0.09156 1008.3   299.6    0.92653  0.00000 
0.02234  0.19900  535.8    708.7    0.20645  -0.09205 1008.3   299.6    0.92647  0.00000 
0.02237  0.20000  535.8    708.7    0.20746  -0.09254 1008.3   299.6    0.92641  0.00000 
